{
    "w": 512,
    "h": 288,
    "fl_x": 393.796936,
    "fl_y": 393.796936,
    "cx": 256.0,
    "cy": 144.0,
    "frames": [
        {
            "transform_matrix": [
                [
                    0.6131443381309509,
                    0.34081006050109863,
                    -0.7126728296279907,
                    -0.10263913869857788
                ],
                [
                    0.38652485609054565,
                    -0.9162133932113647,
                    -0.10560132563114166,
                    0.055210910737514496
                ],
                [
                    -0.6889503002166748,
                    -0.21071688830852509,
                    -0.69350266456604,
                    -0.16876204311847687
                ],
                [
                    0.0,
                    0.0,
                    0.0,
                    1.0
                ]
            ],
            "monst3r_im_id": 1
        },
        {
            "transform_matrix": [
                [
                    0.6142289638519287,
                    0.3392685651779175,
                    -0.7124742865562439,
                    -0.10199960321187973
                ],
                [
                    0.387407511472702,
                    -0.9162149429321289,
                    -0.10229986906051636,
                    0.055050935596227646
                ],
                [
                    -0.6874868273735046,
                    -0.21318237483501434,
                    -0.6942009925842285,
                    -0.16834041476249695
                ],
                [
                    0.0,
                    0.0,
                    0.0,
                    1.0
                ]
            ],
            "monst3r_im_id": 2
        },
        {
            "transform_matrix": [
                [
                    0.6153144240379333,
                    0.33772850036621094,
                    -0.7122693657875061,
                    -0.10136006772518158
                ],
                [
                    0.3882841169834137,
                    -0.9162068367004395,
                    -0.09899675846099854,
                    0.054890960454940796
                ],
                [
                    -0.6860201954841614,
                    -0.21564872562885284,
                    -0.6948899030685425,
                    -0.16791878640651703
                ],
                [
                    0.0,
                    0.0,
                    0.0,
                    1.0
                ]
            ],
            "monst3r_im_id": 3
        },
        {
            "transform_matrix": [
                [
                    0.6192293167114258,
                    0.3359067738056183,
                    -0.7097334861755371,
                    -0.10022597014904022
                ],
                [
                    0.3867471218109131,
                    -0.917109489440918,
                    -0.09662523865699768,
                    0.0546269491314888
                ],
                [
                    -0.6833605766296387,
                    -0.21465422213077545,
                    -0.6978120803833008,
                    -0.1671416312456131
                ],
                [
                    0.0,
                    0.0,
                    0.0,
                    1.0
                ]
            ],
            "monst3r_im_id": 4
        },
        {
            "transform_matrix": [
                [
                    0.625939130783081,
                    0.33377158641815186,
                    -0.7048381567001343,
                    -0.09859730303287506
                ],
                [
                    0.3827868700027466,
                    -0.9189176559448242,
                    -0.0952095091342926,
                    0.05425890535116196
                ],
                [
                    -0.6794663667678833,
                    -0.21020743250846863,
                    -0.7029498815536499,
                    -0.16600897908210754
                ],
                [
                    0.0,
                    0.0,
                    0.0,
                    1.0
                ]
            ],
            "monst3r_im_id": 5
        },
        {
            "transform_matrix": [
                [
                    0.6326029300689697,
                    0.33159559965133667,
                    -0.6998985409736633,
                    -0.0969686359167099
                ],
                [
                    0.37880757451057434,
                    -0.9207072257995605,
                    -0.09382452070713043,
                    0.053890861570835114
                ],
                [
                    -0.6755134463310242,
                    -0.20577320456504822,
                    -0.7080529928207397,
                    -0.164876326918602
                ],
                [
                    0.0,
                    0.0,
                    0.0,
                    1.0
                ]
            ],
            "monst3r_im_id": 6
        },
        {
            "transform_matrix": [
                [
                    0.6466120481491089,
                    0.3175063133239746,
                    -0.6936011910438538,
                    -0.09477686882019043
                ],
                [
                    0.35895127058029175,
                    -0.928948163986206,
                    -0.09060628712177277,
                    0.053418517112731934
                ],
                [
                    -0.6730875372886658,
                    -0.19038189947605133,
                    -0.714638352394104,
                    -0.1633547842502594
                ],
                [
                    0.0,
                    0.0,
                    0.0,
                    1.0
                ]
            ],
            "monst3r_im_id": 7
        },
        {
            "transform_matrix": [
                [
                    0.6602416038513184,
                    0.30310317873954773,
                    -0.6871749758720398,
                    -0.09258510172367096
                ],
                [
                    0.3388829529285431,
                    -0.936742901802063,
                    -0.08758347481489182,
                    0.05294617637991905
                ],
                [
                    -0.6702532172203064,
                    -0.17504562437534332,
                    -0.7211931943893433,
                    -0.1618332415819168
                ],
                [
                    0.0,
                    0.0,
                    0.0,
                    1.0
                ]
            ],
            "monst3r_im_id": 8
        },
        {
            "transform_matrix": [
                [
                    0.666958212852478,
                    0.29569438099861145,
                    -0.6839090585708618,
                    -0.09031175822019577
                ],
                [
                    0.32867082953453064,
                    -0.9405103921890259,
                    -0.08611369132995605,
                    0.05244862288236618
                ],
                [
                    -0.6686869859695435,
                    -0.16734671592712402,
                    -0.7244672775268555,
                    -0.16030356287956238
                ],
                [
                    0.0,
                    0.0,
                    0.0,
                    1.0
                ]
            ],
            "monst3r_im_id": 9
        },
        {
            "transform_matrix": [
                [
                    0.667054295539856,
                    0.2955069839954376,
                    -0.6838963627815247,
                    -0.08795686066150665
                ],
                [
                    0.32846251130104065,
                    -0.940589189529419,
                    -0.08604864031076431,
                    0.05192584916949272
                ],
                [
                    -0.668693482875824,
                    -0.16723519563674927,
                    -0.7244869470596313,
                    -0.1587657332420349
                ],
                [
                    0.0,
                    0.0,
                    0.0,
                    1.0
                ]
            ],
            "monst3r_im_id": 10
        },
        {
            "transform_matrix": [
                [
                    0.6671502590179443,
                    0.2953195869922638,
                    -0.6838836669921875,
                    -0.08560195565223694
                ],
                [
                    0.32825419306755066,
                    -0.9406678676605225,
                    -0.08598359674215317,
                    0.05140307545661926
                ],
                [
                    -0.6686999797821045,
                    -0.1671236753463745,
                    -0.7245067358016968,
                    -0.15722790360450745
                ],
                [
                    0.0,
                    0.0,
                    0.0,
                    1.0
                ]
            ],
            "monst3r_im_id": 11
        },
        {
            "transform_matrix": [
                [
                    0.6655144691467285,
                    0.2975575029850006,
                    -0.6845071315765381,
                    -0.08343154191970825
                ],
                [
                    0.33061251044273376,
                    -0.9397413730621338,
                    -0.08706958591938019,
                    0.050876401364803314
                ],
                [
                    -0.6691679954528809,
                    -0.16836054623126984,
                    -0.723787784576416,
                    -0.15593883395195007
                ],
                [
                    0.0,
                    0.0,
                    0.0,
                    1.0
                ]
            ],
            "monst3r_im_id": 12
        },
        {
            "transform_matrix": [
                [
                    0.6638721227645874,
                    0.2997916042804718,
                    -0.6851268410682678,
                    -0.08126113563776016
                ],
                [
                    0.332967072725296,
                    -0.9388082027435303,
                    -0.08815784007310867,
                    0.05034972354769707
                ],
                [
                    -0.6696317791938782,
                    -0.16959914565086365,
                    -0.7230693101882935,
                    -0.1546497792005539
                ],
                [
                    0.0,
                    0.0,
                    0.0,
                    1.0
                ]
            ],
            "monst3r_im_id": 13
        },
        {
            "transform_matrix": [
                [
                    0.66054368019104,
                    0.30574098229408264,
                    -0.685714602470398,
                    -0.07931292057037354
                ],
                [
                    0.3397756516933441,
                    -0.9361793994903564,
                    -0.09011302888393402,
                    0.04986080154776573
                ],
                [
                    -0.6695032119750977,
                    -0.1734655350446701,
                    -0.7222707271575928,
                    -0.15354132652282715
                ],
                [
                    0.0,
                    0.0,
                    0.0,
                    1.0
                ]
            ],
            "monst3r_im_id": 14
        },
        {
            "transform_matrix": [
                [
                    0.6554449796676636,
                    0.3153635263442993,
                    -0.6862490177154541,
                    -0.07758688926696777
                ],
                [
                    0.35099726915359497,
                    -0.9317523241043091,
                    -0.09294196963310242,
                    0.04940962791442871
                ],
                [
                    -0.668724775314331,
                    -0.1799532026052475,
                    -0.7214040756225586,
                    -0.15261347591876984
                ],
                [
                    0.0,
                    0.0,
                    0.0,
                    1.0
                ]
            ],
            "monst3r_im_id": 15
        },
        {
            "transform_matrix": [
                [
                    0.6502284407615662,
                    0.32492390275001526,
                    -0.6867513060569763,
                    -0.07586086541414261
                ],
                [
                    0.3621581494808197,
                    -0.9271824359893799,
                    -0.09578169882297516,
                    0.04895845800638199
                ],
                [
                    -0.6678655743598938,
                    -0.1864326149225235,
                    -0.7205542325973511,
                    -0.15168562531471252
                ],
                [
                    0.0,
                    0.0,
                    0.0,
                    1.0
                ]
            ],
            "monst3r_im_id": 16
        },
        {
            "transform_matrix": [
                [
                    0.6534699201583862,
                    0.32448816299438477,
                    -0.6838746666908264,
                    -0.07473006844520569
                ],
                [
                    0.36632388830184937,
                    -0.9261807203292847,
                    -0.08942137658596039,
                    0.04863329231739044
                ],
                [
                    -0.6624076962471008,
                    -0.1920854151248932,
                    -0.7240989208221436,
                    -0.1511373668909073
                ],
                [
                    0.0,
                    0.0,
                    0.0,
                    1.0
                ]
            ],
            "monst3r_im_id": 17
        },
        {
            "transform_matrix": [
                [
                    0.6566941738128662,
                    0.3240770995616913,
                    -0.6809749603271484,
                    -0.07359927147626877
                ],
                [
                    0.3704439103603363,
                    -0.925135612487793,
                    -0.08303816616535187,
                    0.0483081229031086
                ],
                [
                    -0.656904935836792,
                    -0.1977323442697525,
                    -0.7275835275650024,
                    -0.15058910846710205
                ],
                [
                    0.0,
                    0.0,
                    0.0,
                    1.0
                ]
            ],
            "monst3r_im_id": 18
        },
        {
            "transform_matrix": [
                [
                    0.6617007851600647,
                    0.3222176730632782,
                    -0.6769992113113403,
                    -0.07277414947748184
                ],
                [
                    0.3716607391834259,
                    -0.9251641035079956,
                    -0.07706951349973679,
                    0.04804982990026474
                ],
                [
                    -0.6511684656143188,
                    -0.20061704516410828,
                    -0.7319375276565552,
                    -0.15022386610507965
                ],
                [
                    0.0,
                    0.0,
                    0.0,
                    1.0
                ]
            ],
            "monst3r_im_id": 19
        },
        {
            "transform_matrix": [
                [
                    0.6684631109237671,
                    0.31888750195503235,
                    -0.6719135642051697,
                    -0.0722547173500061
                ],
                [
                    0.36997005343437195,
                    -0.9262850284576416,
                    -0.07154107093811035,
                    0.047858405858278275
                ],
                [
                    -0.6451970934867859,
                    -0.20076531171798706,
                    -0.7371662855148315,
                    -0.1500416100025177
                ],
                [
                    0.0,
                    0.0,
                    0.0,
                    1.0
                ]
            ],
            "monst3r_im_id": 20
        },
        {
            "transform_matrix": [
                [
                    0.6751717329025269,
                    0.3155527710914612,
                    -0.6667605042457581,
                    -0.07173528522253036
                ],
                [
                    0.3682277798652649,
                    -0.9273883104324341,
                    -0.06602511554956436,
                    0.04766698554158211
                ],
                [
                    -0.6391802430152893,
                    -0.20094144344329834,
                    -0.7423417568206787,
                    -0.14985936880111694
                ],
                [
                    0.0,
                    0.0,
                    0.0,
                    1.0
                ]
            ],
            "monst3r_im_id": 21
        },
        {
            "transform_matrix": [
                [
                    0.6753674745559692,
                    0.315722793340683,
                    -0.6664817333221436,
                    -0.07164672017097473
                ],
                [
                    0.3681115210056305,
                    -0.9274139404296875,
                    -0.06631118804216385,
                    0.04761869087815285
                ],
                [
                    -0.639040470123291,
                    -0.2005552053451538,
                    -0.7425664663314819,
                    -0.14996889233589172
                ],
                [
                    0.0,
                    0.0,
                    0.0,
                    1.0
                ]
            ],
            "monst3r_im_id": 22
        },
        {
            "transform_matrix": [
                [
                    0.6755630970001221,
                    0.3158927261829376,
                    -0.6662029027938843,
                    -0.0715581625699997
                ],
                [
                    0.36799541115760803,
                    -0.9274396896362305,
                    -0.06659731268882751,
                    0.04757039248943329
                ],
                [
                    -0.6389005184173584,
                    -0.2001689076423645,
                    -0.7427911758422852,
                    -0.1500784009695053
                ],
                [
                    0.0,
                    0.0,
                    0.0,
                    1.0
                ]
            ],
            "monst3r_im_id": 23
        },
        {
            "transform_matrix": [
                [
                    0.6781882047653198,
                    0.3144287168979645,
                    -0.6642253994941711,
                    -0.07149390131235123
                ],
                [
                    0.3657364547252655,
                    -0.9283723831176758,
                    -0.06604491174221039,
                    0.0475907102227211
                ],
                [
                    -0.6374147534370422,
                    -0.19814054667949677,
                    -0.7446092367172241,
                    -0.1502736359834671
                ],
                [
                    0.0,
                    0.0,
                    0.0,
                    1.0
                ]
            ],
            "monst3r_im_id": 24
        },
        {
            "transform_matrix": [
                [
                    0.6832166314125061,
                    0.3113098740577698,
                    -0.6605309844017029,
                    -0.07145395874977112
                ],
                [
                    0.36132216453552246,
                    -0.9301955699920654,
                    -0.0646718293428421,
                    0.04767964780330658
                ],
                [
                    -0.634555995464325,
                    -0.19447962939739227,
                    -0.7480082511901855,
                    -0.1505545973777771
                ],
                [
                    0.0,
                    0.0,
                    0.0,
                    1.0
                ]
            ],
            "monst3r_im_id": 25
        },
        {
            "transform_matrix": [
                [
                    0.6882097125053406,
                    0.30816343426704407,
                    -0.6568124890327454,
                    -0.07141400873661041
                ],
                [
                    0.3568916618824005,
                    -0.9319970607757568,
                    -0.06332267820835114,
                    0.04776857793331146
                ],
                [
                    -0.6316611170768738,
                    -0.19083164632320404,
                    -0.7513903379440308,
                    -0.1508355587720871
                ],
                [
                    0.0,
                    0.0,
                    0.0,
                    1.0
                ]
            ],
            "monst3r_im_id": 26
        },
        {
            "transform_matrix": [
                [
                    0.6896462440490723,
                    0.3068588078022003,
                    -0.6559159755706787,
                    -0.07116236537694931
                ],
                [
                    0.3542892038822174,
                    -0.9329464435577393,
                    -0.06395429372787476,
                    0.04796705022454262
                ],
                [
                    -0.6315593719482422,
                    -0.18827810883522034,
                    -0.7521196603775024,
                    -0.15119096636772156
                ],
                [
                    0.0,
                    0.0,
                    0.0,
                    1.0
                ]
            ],
            "monst3r_im_id": 27
        },
        {
            "transform_matrix": [
                [
                    0.6910781860351562,
                    0.3055492341518402,
                    -0.6550195813179016,
                    -0.07091071456670761
                ],
                [
                    0.3516846001148224,
                    -0.9338877201080322,
                    -0.06458912789821625,
                    0.04816552251577377
                ],
                [
                    -0.6314498782157898,
                    -0.1857241541147232,
                    -0.752846360206604,
                    -0.15154637396335602
                ],
                [
                    0.0,
                    0.0,
                    0.0,
                    1.0
                ]
            ],
            "monst3r_im_id": 28
        },
        {
            "transform_matrix": [
                [
                    0.6952539086341858,
                    0.3014548420906067,
                    -0.652492880821228,
                    -0.0705130398273468
                ],
                [
                    0.34508204460144043,
                    -0.9363267421722412,
                    -0.06489048898220062,
                    0.04839658737182617
                ],
                [
                    -0.6305080652236938,
                    -0.18004819750785828,
                    -0.7550115585327148,
                    -0.15187101066112518
                ],
                [
                    0.0,
                    0.0,
                    0.0,
                    1.0
                ]
            ],
            "monst3r_im_id": 29
        },
        {
            "transform_matrix": [
                [
                    0.7021000385284424,
                    0.294513076543808,
                    -0.6483189463615417,
                    -0.06996933370828629
                ],
                [
                    0.33444878458976746,
                    -0.940176248550415,
                    -0.06490284949541092,
                    0.048660244792699814
                ],
                [
                    -0.6286489367485046,
                    -0.17126119136810303,
                    -0.7585973739624023,
                    -0.15216487646102905
                ],
                [
                    0.0,
                    0.0,
                    0.0,
                    1.0
                ]
            ],
            "monst3r_im_id": 30
        },
        {
            "transform_matrix": [
                [
                    0.7088427543640137,
                    0.2874841094017029,
                    -0.6441233158111572,
                    -0.06942562758922577
                ],
                [
                    0.3237716555595398,
                    -0.9439014196395874,
                    -0.06497740745544434,
                    0.048923905938863754
                ],
                [
                    -0.6266688108444214,
                    -0.1624900996685028,
                    -0.7621568441390991,
                    -0.15245874226093292
                ],
                [
                    0.0,
                    0.0,
                    0.0,
                    1.0
                ]
            ],
            "monst3r_im_id": 31
        },
        {
            "transform_matrix": [
                [
                    0.7092667818069458,
                    0.2877334952354431,
                    -0.6435449719429016,
                    -0.06851360201835632
                ],
                [
                    0.32373958826065063,
                    -0.9438958168029785,
                    -0.06522104144096375,
                    0.04920651763677597
                ],
                [
                    -0.6262055039405823,
                    -0.16208183765411377,
                    -0.7626246213912964,
                    -0.15244272351264954
                ],
                [
                    0.0,
                    0.0,
                    0.0,
                    1.0
                ]
            ],
            "monst3r_im_id": 32
        },
        {
            "transform_matrix": [
                [
                    0.7096904516220093,
                    0.2879825532436371,
                    -0.6429661512374878,
                    -0.06760156899690628
                ],
                [
                    0.32370761036872864,
                    -0.9438897371292114,
                    -0.06546467542648315,
                    0.04948912933468819
                ],
                [
                    -0.6257418394088745,
                    -0.16167336702346802,
                    -0.7630916833877563,
                    -0.15242671966552734
                ],
                [
                    0.0,
                    0.0,
                    0.0,
                    1.0
                ]
            ],
            "monst3r_im_id": 33
        },
        {
            "transform_matrix": [
                [
                    0.7107577323913574,
                    0.28832292556762695,
                    -0.6416333913803101,
                    -0.06642618030309677
                ],
                [
                    0.32335060834884644,
                    -0.9439750909805298,
                    -0.06599672138690948,
                    0.049713362008333206
                ],
                [
                    -0.6247142553329468,
                    -0.1605648547410965,
                    -0.7641669511795044,
                    -0.15211933851242065
                ],
                [
                    0.0,
                    0.0,
                    0.0,
                    1.0
                ]
            ],
            "monst3r_im_id": 34
        },
        {
            "transform_matrix": [
                [
                    0.7124654650688171,
                    0.28875115513801575,
                    -0.6395434141159058,
                    -0.0649874359369278
                ],
                [
                    0.3226698338985443,
                    -0.9441502094268799,
                    -0.06681850552558899,
                    0.049879223108291626
                ],
                [
                    -0.6231188774108887,
                    -0.15875546634197235,
                    -0.7658456563949585,
                    -0.15152060985565186
                ],
                [
                    0.0,
                    0.0,
                    0.0,
                    1.0
                ]
            ],
            "monst3r_im_id": 35
        },
        {
            "transform_matrix": [
                [
                    0.714168906211853,
                    0.2891744077205658,
                    -0.6374487280845642,
                    -0.06354868412017822
                ],
                [
                    0.3219906985759735,
                    -0.9443233013153076,
                    -0.06764208525419235,
                    0.050045084208250046
                ],
                [
                    -0.621518075466156,
                    -0.15694469213485718,
                    -0.7675178050994873,
                    -0.15092185139656067
                ],
                [
                    0.0,
                    0.0,
                    0.0,
                    1.0
                ]
            ],
            "monst3r_im_id": 36
        },
        {
            "transform_matrix": [
                [
                    0.7252140045166016,
                    0.283332496881485,
                    -0.6275246739387512,
                    -0.061441682279109955
                ],
                [
                    0.3167963922023773,
                    -0.9465140104293823,
                    -0.06124548614025116,
                    0.04995576664805412
                ],
                [
                    -0.6113138794898987,
                    -0.15438146889209747,
                    -0.7761839628219604,
                    -0.14956770837306976
                ],
                [
                    0.0,
                    0.0,
                    0.0,
                    1.0
                ]
            ],
            "monst3r_im_id": 37
        },
        {
            "transform_matrix": [
                [
                    0.7360759973526001,
                    0.2774380147457123,
                    -0.6174303889274597,
                    -0.05933469161391258
                ],
                [
                    0.31149545311927795,
                    -0.9486591815948486,
                    -0.05492088943719864,
                    0.0498664453625679
                ],
                [
                    -0.6009681820869446,
                    -0.15190079808235168,
                    -0.7847059965133667,
                    -0.14821356534957886
                ],
                [
                    0.0,
                    0.0,
                    0.0,
                    1.0
                ]
            ],
            "monst3r_im_id": 38
        },
        {
            "transform_matrix": [
                [
                    0.7480840086936951,
                    0.26858916878700256,
                    -0.606819748878479,
                    -0.056938137859106064
                ],
                [
                    0.30474647879600525,
                    -0.9513510465621948,
                    -0.04539505019783974,
                    0.049638621509075165
                ],
                [
                    -0.5894912481307983,
                    -0.15096688270568848,
                    -0.7935421466827393,
                    -0.14651159942150116
                ],
                [
                    0.0,
                    0.0,
                    0.0,
                    1.0
                ]
            ],
            "monst3r_im_id": 39
        },
        {
            "transform_matrix": [
                [
                    0.7611490488052368,
                    0.25679442286491394,
                    -0.5955743193626404,
                    -0.0542520247399807
                ],
                [
                    0.2964366376399994,
                    -0.9544925689697266,
                    -0.032701026648283005,
                    0.049272291362285614
                ],
                [
                    -0.5768687129020691,
                    -0.15165969729423523,
                    -0.8026343584060669,
                    -0.14446181058883667
                ],
                [
                    0.0,
                    0.0,
                    0.0,
                    1.0
                ]
            ],
            "monst3r_im_id": 40
        },
        {
            "transform_matrix": [
                [
                    0.773901104927063,
                    0.24496696889400482,
                    -0.5840105414390564,
                    -0.051565904170274734
                ],
                [
                    0.2878760099411011,
                    -0.957456111907959,
                    -0.020132414996623993,
                    0.04890596121549606
                ],
                [
                    -0.5640961527824402,
                    -0.1525421142578125,
                    -0.811496376991272,
                    -0.142412006855011
                ],
                [
                    0.0,
                    0.0,
                    0.0,
                    1.0
                ]
            ],
            "monst3r_im_id": 41
        },
        {
            "transform_matrix": [
                [
                    0.7894514799118042,
                    0.23426607251167297,
                    -0.5673498511314392,
                    -0.04862456023693085
                ],
                [
                    0.27883151173591614,
                    -0.9603022336959839,
                    -0.008534885942935944,
                    0.04836326837539673
                ],
                [
                    -0.5468266606330872,
                    -0.15145713090896606,
                    -0.8234326839447021,
                    -0.14000318944454193
                ],
                [
                    0.0,
                    0.0,
                    0.0,
                    1.0
                ]
            ],
            "monst3r_im_id": 42
        },
        {
            "transform_matrix": [
                [
                    0.8045098781585693,
                    0.22350528836250305,
                    -0.5502811074256897,
                    -0.04568321630358696
                ],
                [
                    0.2694961726665497,
                    -0.9629970788955688,
                    0.002866424387320876,
                    0.047820575535297394
                ],
                [
                    -0.5292784571647644,
                    -0.150604709982872,
                    -0.8349744081497192,
                    -0.13759437203407288
                ],
                [
                    0.0,
                    0.0,
                    0.0,
                    1.0
                ]
            ],
            "monst3r_im_id": 43
        },
        {
            "transform_matrix": [
                [
                    0.8197730183601379,
                    0.21345113217830658,
                    -0.5314233899116516,
                    -0.04279061406850815
                ],
                [
                    0.2576412856578827,
                    -0.9661954641342163,
                    0.009355776943266392,
                    0.04724365472793579
                ],
                [
                    -0.5114617943763733,
                    -0.1445862203836441,
                    -0.8470548391342163,
                    -0.13515013456344604
                ],
                [
                    0.0,
                    0.0,
                    0.0,
                    1.0
                ]
            ],
            "monst3r_im_id": 44
        },
        {
            "transform_matrix": [
                [
                    0.8351496458053589,
                    0.20390397310256958,
                    -0.5108308792114258,
                    -0.03994674235582352
                ],
                [
                    0.2434123307466507,
                    -0.9698624610900879,
                    0.010819447226822376,
                    0.04663250222802162
                ],
                [
                    -0.49322962760925293,
                    -0.13337840139865875,
                    -0.8596130609512329,
                    -0.13267044723033905
                ],
                [
                    0.0,
                    0.0,
                    0.0,
                    1.0
                ]
            ],
            "monst3r_im_id": 45
        },
        {
            "transform_matrix": [
                [
                    0.8498936891555786,
                    0.19404324889183044,
                    -0.48992636799812317,
                    -0.03710288554430008
                ],
                [
                    0.22910147905349731,
                    -0.9733293056488037,
                    0.011928105726838112,
                    0.04602135345339775
                ],
                [
                    -0.4745452105998993,
                    -0.12238049507141113,
                    -0.8716820478439331,
                    -0.13019077479839325
                ],
                [
                    0.0,
                    0.0,
                    0.0,
                    1.0
                ]
            ],
            "monst3r_im_id": 46
        },
        {
            "transform_matrix": [
                [
                    0.8578687906265259,
                    0.18665552139282227,
                    -0.4787701964378357,
                    -0.03458084911108017
                ],
                [
                    0.221582293510437,
                    -0.9749950170516968,
                    0.016919054090976715,
                    0.04538751393556595
                ],
                [
                    -0.4636404514312744,
                    -0.12060131877660751,
                    -0.8777773380279541,
                    -0.1277238428592682
                ],
                [
                    0.0,
                    0.0,
                    0.0,
                    1.0
                ]
            ],
            "monst3r_im_id": 47
        },
        {
            "transform_matrix": [
                [
                    0.8656368851661682,
                    0.179230734705925,
                    -0.46749237179756165,
                    -0.03205879405140877
                ],
                [
                    0.21398375928401947,
                    -0.9765937328338623,
                    0.021811332553625107,
                    0.044753678143024445
                ],
                [
                    -0.4526408612728119,
