{
    "w": 512.0,
    "h": 512.0,
    "fl_x": 600.0,
    "fl_y": 1080.0,
    "cx": 256.0,
    "cy": 256.0,
    "frames": [
        {
            "transform_matrix": [
                [
                    1.0,
                    0.0,
                    0.0,
                    0.0
                ],
                [
                    0.0,
                    1.0,
                    0.0,
                    0.0
                ],
                [
                    0.0,
                    0.0,
                    1.0,
                    0.0
                ],
                [
                    0.0,
                    0.0,
                    0.0,
                    1.0
                ]
            ],
            "monst3r_im_id": 1
        },
        {
            "transform_matrix": [
                [
                    1.0,
                    0.0,
                    0.0,
                    -0.001888020895421505
                ],
                [
                    0.0,
                    1.0,
                    0.0,
                    0.0
                ],
                [
                    0.0,
                    0.0,
                    1.0,
                    -0.005664062686264515
                ],
                [
                    0.0,
                    0.0,
                    0.0,
                    1.0
                ]
            ],
            "monst3r_im_id": 2
        },
        {
            "transform_matrix": [
                [
                    1.0,
                    0.0,
                    0.0,
                    -0.00377604179084301
                ],
                [
                    0.0,
                    1.0,
                    0.0,
                    0.0
                ],
                [
                    0.0,
                    0.0,
                    1.0,
                    -0.01132812537252903
                ],
                [
                    0.0,
                    0.0,
                    0.0,
                    1.0
                ]
            ],
            "monst3r_im_id": 3
        },
        {
            "transform_matrix": [
                [
                    1.0,
                    0.0,
                    0.0,
                    -0.005664062686264515
                ],
                [
                    0.0,
                    1.0,
                    0.0,
                    0.0
                ],
                [
                    0.0,
                    0.0,
                    1.0,
                    -0.01699218899011612
                ],
                [
                    0.0,
                    0.0,
                    0.0,
                    1.0
                ]
            ],
            "monst3r_im_id": 4
        },
        {
            "transform_matrix": [
                [
                    1.0,
                    0.0,
                    0.0,
                    -0.00755208358168602
                ],
                [
                    0.0,
                    1.0,
                    0.0,
                    0.0
                ],
                [
                    0.0,
                    0.0,
                    1.0,
                    -0.02265625074505806
                ],
                [
                    0.0,
                    0.0,
                    0.0,
                    1.0
                ]
            ],
            "monst3r_im_id": 5
        },
        {
            "transform_matrix": [
                [
                    0.9999946355819702,
                    0.0,
                    0.0032807509414851665,
                    -0.009440104477107525
                ],
                [
                    0.0,
                    1.0,
                    0.0,
                    0.0
                ],
                [
                    -0.0032807509414851665,
                    0.0,
                    0.9999946355819702,
                    -0.0332031287252903
                ],
                [
                    0.0,
                    0.0,
                    0.0,
                    1.0
                ]
            ],
            "monst3r_im_id": 6
        },
        {
            "transform_matrix": [
                [
                    0.9999749064445496,
                    0.0,
                    0.0070864055305719376,
                    -0.01132812537252903
                ],
                [
                    0.0,
                    1.0,
                    0.0,
                    0.0
                ],
                [
                    -0.0070864055305719376,
                    0.0,
                    0.9999749064445496,
                    -0.04453124850988388
                ],
                [
                    0.0,
                    0.0,
                    0.0,
                    1.0
                ]
            ],
            "monst3r_im_id": 7
        },
        {
            "transform_matrix": [
                [
                    0.9999406933784485,
                    0.0,
                    0.010891961865127087,
                    -0.013216146267950535
                ],
                [
                    0.0,
                    1.0,
                    0.0,
                    0.0
                ],
                [
                    -0.010891961865127087,
                    0.0,
                    0.9999406933784485,
                    -0.05585937574505806
                ],
                [
                    0.0,
                    0.0,
                    0.0,
                    1.0
                ]
            ],
            "monst3r_im_id": 8
        },
        {
            "transform_matrix": [
                [
                    0.999891996383667,
                    0.0,
                    0.01469733938574791,
                    -0.01510416716337204
                ],
                [
                    0.0,
                    1.0,
                    0.0,
                    0.0
                ],
                [
                    -0.01469733938574791,
                    0.0,
                    0.999891996383667,
                    -0.06718750298023224
                ],
                [
                    0.0,
                    0.0,
                    0.0,
                    1.0
                ]
            ],
            "monst3r_im_id": 9
        },
        {
            "transform_matrix": [
                [
                    0.9998288154602051,
                    -2.5492356144241057e-05,
                    0.018502037972211838,
                    -0.01699218899011612
                ],
                [
                    -2.5492356144241057e-05,
                    0.9999961853027344,
                    0.0027553855907171965,
                    0.0013671889901161194
                ],
                [
                    -0.018502037972211838,
                    -0.0027553855907171965,
                    0.9998250007629395,
                    -0.0771484449505806
                ],
                [
                    0.0,
                    0.0,
                    0.0,
                    1.0
                ]
            ],
            "monst3r_im_id": 10
        },
        {
            "transform_matrix": [
                [
                    0.9997512102127075,
                    -7.317786366911605e-05,
                    0.02230622060596943,
                    -0.01888020895421505
                ],
                [
                    -7.317786366911605e-05,
                    0.9999784827232361,
                    0.006560319568961859,
                    0.0032552089542150497
                ],
                [
                    -0.02230622060596943,
                    -0.006560319568961859,
                    0.9997296333312988,
                    -0.0865885466337204
                ],
                [
                    0.0,
                    0.0,
                    0.0,
                    1.0
                ]
            ],
            "monst3r_im_id": 11
        },
        {
            "transform_matrix": [
                [
                    0.9996590614318848,
                    -0.00013534084428101778,
                    0.02610989473760128,
                    -0.02076822891831398
                ],
                [
                    -0.00013534084428101778,
                    0.9999462962150574,
                    0.010364970192313194,
                    0.00514322891831398
                ],
                [
                    -0.02610989473760128,
                    -0.010364970192313194,
                    0.9996053576469421,
                    -0.0960286408662796
                ],
                [
                    0.0,
                    0.0,
                    0.0,
                    1.0
                ]
            ],
            "monst3r_im_id": 12
        },
        {
            "transform_matrix": [
                [
                    0.9995524883270264,
                    -0.00021197852038312703,
                    0.02991289086639881,
                    -0.02265625074505806
                ],
                [
                    -0.00021197852038312703,
                    0.9998995661735535,
                    0.014169172383844852,
                    0.00703125074505806
                ],
                [
                    -0.02991289086639881,
                    -0.014169172383844852,
                    0.9994520545005798,
                    -0.10546875
                ],
                [
                    0.0,
                    0.0,
                    0.0,
                    1.0
                ]
            ],
            "monst3r_im_id": 13
        },
        {
            "transform_matrix": [
                [
                    0.9995041489601135,
                    -0.00024792368640191853,
                    0.031486302614212036,
                    -0.02454427070915699
                ],
                [
                    -0.00024792368640191853,
                    0.9998760223388672,
                    0.015743151307106018,
                    0.0078125
                ],
                [
                    -0.031486302614212036,
                    -0.015743151307106018,
                    0.9993801712989807,
                    -0.1149088516831398
                ],
                [
                    0.0,
                    0.0,
                    0.0,
                    1.0
                ]
            ],
            "monst3r_im_id": 14
        },
        {
            "transform_matrix": [
                [
                    0.9995041489601135,
                    -0.00024792368640191853,
                    0.031486302614212036,
                    -0.02643229253590107
                ],
                [
                    -0.00024792368640191853,
                    0.9998760223388672,
                    0.015743151307106018,
                    0.0078125
                ],
                [
                    -0.031486302614212036,
                    -0.015743151307106018,
                    0.9993801712989807,
                    -0.1243489608168602
                ],
                [
                    0.0,
                    0.0,
                    0.0,
                    1.0
                ]
            ],
            "monst3r_im_id": 15
        },
        {
            "transform_matrix": [
                [
                    0.9995041489601135,
                    -0.00024792368640191853,
                    0.031486302614212036,
                    -0.0283203125
                ],
                [
                    -0.00024792368640191853,
                    0.9998760223388672,
                    0.015743151307106018,
                    0.0078125
                ],
                [
                    -0.031486302614212036,
                    -0.015743151307106018,
                    0.9993801712989807,
                    -0.1337890625
                ],
                [
                    0.0,
                    0.0,
                    0.0,
                    1.0
                ]
            ],
            "monst3r_im_id": 16
        },
        {
            "transform_matrix": [
                [
                    0.9995041489601135,
                    -0.00024792368640191853,
                    0.031486302614212036,
                    -0.03020833432674408
                ],
                [
                    -0.00024792368640191853,
                    0.9998760223388672,
                    0.015743151307106018,
                    0.0078125
                ],
                [
                    -0.031486302614212036,
                    -0.015743151307106018,
                    0.9993801712989807,
                    -0.1432291716337204
                ],
                [
                    0.0,
                    0.0,
                    0.0,
                    1.0
                ]
            ],
            "monst3r_im_id": 17
        },
        {
            "transform_matrix": [
                [
                    0.9994490146636963,
                    -0.000261343753663823,
                    0.03319065645337105,
                    -0.03209635242819786
                ],
                [
                    -0.000261343753663823,
                    0.9998760223388672,
                    0.015742717310786247,
                    0.00865885242819786
                ],
                [
                    -0.03319065645337105,
                    -0.015742717310786247,
                    0.9993250370025635,
                    -0.1526692658662796
                ],
                [
                    0.0,
                    0.0,
                    0.0,
                    1.0
                ]
            ],
            "monst3r_im_id": 18
        },
        {
            "transform_matrix": [
                [
                    0.9993155002593994,
                    -0.00029127849848009646,
                    0.03699236735701561,
                    -0.03398437798023224
                ],
                [
                    -0.00029127849848009646,
                    0.9998760223388672,
                    0.01574166677892208,
                    0.010546877980232239
                ],
                [
                    -0.03699236735701561,
                    -0.01574166677892208,
                    0.9991915822029114,
                    -0.1621093899011612
                ],
                [
                    0.0,
                    0.0,
                    0.0,
                    1.0
                ]
            ],
            "monst3r_im_id": 19
        },
        {
            "transform_matrix": [
                [
                    0.9991675615310669,
                    -0.00032120899413712323,
                    0.04079354554414749,
                    -0.03587239608168602
                ],
                [
                    -0.00032120899413712323,
                    0.999876081943512,
                    0.015740500763058662,
                    0.01243489608168602
                ],
                [
                    -0.04079354554414749,
                    -0.015740500763058662,
                    0.9990435838699341,
                    -0.1715494841337204
                ],
                [
                    0.0,
                    0.0,
                    0.0,
                    1.0
                ]
            ],
            "monst3r_im_id": 20
        },
        {
            "transform_matrix": [
                [
                    0.999005138874054,
                    -0.00035113489138893783,
                    0.04459413141012192,
                    -0.0377604179084301
                ],
                [
                    -0.00035113489138893783,
                    0.999876081943512,
                    0.01573922298848629,
                    0.0143229179084301
                ],
                [
                    -0.04459413141012192,
                    -0.01573922298848629,
                    0.9988812208175659,
                    -0.1809895932674408
                ],
                [
                    0.0,
                    0.0,
                    0.0,
                    1.0
                ]
            ],
            "monst3r_im_id": 21
        },
        {
            "transform_matrix": [
                [
                    0.9988282918930054,
                    -0.0003810518537648022,
                    0.04839358478784561,
                    -0.03964843600988388
                ],
                [
                    -0.0003810518537648022,
                    0.999876081943512,
                    0.015737827867269516,
                    0.015625
                ],
                [
                    -0.04839358478784561,
                    -0.015737827867269516,
                    0.9987043738365173,
                    -0.19101561605930328
                ],
                [
                    0.0,
                    0.0,
                    0.0,
                    1.0
                ]
            ],
            "monst3r_im_id": 22
        },
        {
            "transform_matrix": [
                [
                    0.9986370205879211,
                    -0.0004109558358322829,
                    0.05219139903783798,
                    -0.04153645783662796
                ],
                [
                    -0.0004109558358322829,
                    0.999876081943512,
                    0.015736322849988937,
                    0.015625
                ],
                [
                    -0.05219139903783798,
                    -0.015736322849988937,
                    0.9985131025314331,
                    -0.20234374701976776
                ],
                [
                    0.0,
                    0.0,
                    0.0,
                    1.0
                ]
            ],
            "monst3r_im_id": 23
        },
        {
            "transform_matrix": [
                [
                    0.9984313249588013,
                    -0.0004408540844451636,
                    0.05598847568035126,
                    -0.04342447966337204
                ],
                [
                    -0.0004408540844451636,
                    0.999876081943512,
                    0.015734702348709106,
                    0.015625
                ],
                [
                    -0.05598847568035126,
                    -0.015734702348709106,
                    0.9983074069023132,
                    -0.21367187798023224
                ],
                [
                    0.0,
                    0.0,
                    0.0,
                    1.0
                ]
            ],
            "monst3r_im_id": 24
        },
        {
            "transform_matrix": [
                [
                    0.9982112050056458,
                    -0.0004707459011115134,
                    0.05978474020957947,
                    -0.04531250149011612
                ],
                [
                    -0.0004707459011115134,
                    0.9998761415481567,
                    0.015732968226075172,
                    0.015625
                ],
                [
                    -0.05978474020957947,
                    -0.015732968226075172,
                    0.9980872869491577,
                    -0.22500000894069672
                ],
                [
                    0.0,
                    0.0,
                    0.0,
                    1.0
                ]
            ],
            "monst3r_im_id": 25
        },
        {
            "transform_matrix": [
                [
                    0.9979766607284546,
                    -0.000500628084409982,
                    0.06357977539300919,
                    -0.0472005195915699
                ],
                [
                    -0.000500628084409982,
                    0.9998761415481567,
                    0.015731122344732285,
                    0.0159505195915699
                ],
                [
                    -0.06357977539300919,
                    -0.015731122344732285,
                    0.9978527426719666,
                    -0.2363281100988388
                ],
                [
                    0.0,
                    0.0,
                    0.0,
                    1.0
                ]
            ],
            "monst3r_im_id": 26
        },
        {
            "transform_matrix": [
                [
                    0.9977277517318726,
                    -0.0005304910009726882,
                    0.06737235933542252,
                    -0.04908854141831398
                ],
                [
                    -0.0005304910009726882,
                    0.9998761415481567,
                    0.015729162842035294,
                    0.01783854141831398
                ],
                [
                    -0.06737235933542252,
                    -0.015729162842035294,
                    0.9976038932800293,
                    -0.24765624105930328
                ],
                [
                    0.0,
                    0.0,
                    0.0,
                    1.0
                ]
            ],
            "monst3r_im_id": 27
        },
        {
            "transform_matrix": [
                [
                    0.9974644780158997,
                    -0.0005603463505394757,
                    0.07116398215293884,
                    -0.05097655951976776
                ],
                [
                    -0.0005603463505394757,
                    0.9998761415481567,
                    0.01572709158062935,
                    0.01972655951976776
                ],
                [
                    -0.07116398215293884,
                    -0.01572709158062935,
                    0.9973406195640564,
                    -0.25898435711860657
                ],
                [
                    0.0,
                    0.0,
                    0.0,
                    1.0
                ]
            ],
            "monst3r_im_id": 28
        },
        {
            "transform_matrix": [
                [
                    0.9971867799758911,
                    -0.0005901936674490571,
                    0.07495459169149399,
                    -0.05286458507180214
                ],
                [
                    -0.0005901936674490571,
                    0.9998762011528015,
                    0.01572490483522415,
                    0.02161458507180214
                ],
                [
                    -0.07495459169149399,
                    -0.01572490483522415,
                    0.9970629811286926,
                    -0.27031251788139343
                ],
                [
                    0.0,
                    0.0,
                    0.0,
                    1.0
                ]
            ],
            "monst3r_im_id": 29
        },
        {
            "transform_matrix": [
                [
                    0.9968843460083008,
                    -0.0006210587453097105,
                    0.07887446135282516,
                    -0.05481770634651184
                ],
                [
                    -0.0006210587453097105,
                    0.9998762011528015,
                    0.015722524374723434,
                    0.02350260317325592
                ],
                [
                    -0.07887446135282516,
                    -0.015722524374723434,
                    0.9967605471611023,
                    -0.2815755009651184
                ],
                [
                    0.0,
                    0.0,
                    0.0,
                    1.0
                ]
            ],
            "monst3r_im_id": 30
        },
        {
            "transform_matrix": [
                [
                    0.9962566494941711,
                    -0.0006806481978856027,
                    0.08644232153892517,
                    -0.05859375
                ],
                [
                    -0.0006806481978856027,
                    0.9998762607574463,
                    0.015717582777142525,
                    0.025390625
                ],
                [
                    -0.08644232153892517,
                    -0.015717582777142525,
                    0.9961328506469727,
                    -0.291015625
                ],
                [
                    0.0,
                    0.0,
                    0.0,
                    1.0
                ]
            ],
            "monst3r_im_id": 31
        },
        {
            "transform_matrix": [
                [
                    0.9955714344978333,
                    -0.0007402001065202057,
                    0.09400540590286255,
                    -0.06236978620290756
                ],
                [
                    -0.0007402001065202057,
                    0.9998762607574463,
                    0.015712186694145203,
                    0.02727864310145378
                ],
                [
                    -0.09400540590286255,
                    -0.015712186694145203,
                    0.9954476952552795,
                    -0.3004557192325592
                ],
                [
                    0.0,
                    0.0,
                    0.0,
                    1.0
                ]
            ],
            "monst3r_im_id": 32
        },
        {
            "transform_matrix": [
                [
                    0.9948287606239319,
                    -0.0007997096399776638,
                    0.10156311094760895,
                    -0.06614583730697632
                ],
                [
                    -0.0007997096399776638,
                    0.9998763203620911,
                    0.015706341713666916,
                    0.02916666865348816
                ],
                [
                    -0.10156311094760895,
                    -0.015706341713666916,
                    0.994705080986023,
                    -0.3098958432674408
                ],
                [
                    0.0,
                    0.0,
                    0.0,
                    1.0
                ]
            ],
            "monst3r_im_id": 33
        },
        {
            "transform_matrix": [
                [
                    0.9940288066864014,
                    -0.0008591709774918854,
                    0.10911471396684647,
                    -0.06992188096046448
                ],
                [
                    -0.0008591709774918854,
                    0.9998763799667358,
                    0.015700040385127068,
                    0.03105469048023224
                ],
                [
                    -0.10911471396684647,
                    -0.015700040385127068,
                    0.9939051866531372,
                    -0.3193359375
                ],
                [
                    0.0,
                    0.0,
                    0.0,
                    1.0
                ]
            ],
            "monst3r_im_id": 34
        },
        {
            "transform_matrix": [
                [
                    0.9931728839874268,
                    -0.0009184902301058173,
                    0.11664825677871704,
                    -0.07369790971279144
                ],
                [
                    -0.0009184902301058173,
                    0.9998764395713806,
                    0.01569330133497715,
                    0.03294270485639572
                ],
                [
                    -0.11664825677871704,
                    -0.01569330133497715,
                    0.9930493235588074,
                    -0.3287760019302368
                ],
                [
                    0.0,
                    0.0,
                    0.0,
                    1.0
                ]
            ],
            "monst3r_im_id": 35
        },
        {
            "transform_matrix": [
                [
                    0.9922599792480469,
                    -0.0009777483064681292,
                    0.12417402118444443,
                    -0.0774739533662796
                ],
                [
                    -0.0009777483064681292,
                    0.9998764991760254,
                    0.015686115249991417,
                    0.0348307266831398
                ],
                [
                    -0.12417402118444443,
                    -0.015686115249991417,
                    0.9921364784240723,
                    -0.3382161259651184
                ],
                [
                    0.0,
                    0.0,
                    0.0,
                    1.0
                ]
            ],
            "monst3r_im_id": 36
        },
        {
            "transform_matrix": [
                [
                    0.9912900328636169,
                    -0.001036950619891286,
                    0.13169272243976593,
                    -0.08125001192092896
                ],
                [
                    -0.001036950619891286,
                    0.9998765587806702,
                    0.01567847840487957,
                    0.03671875596046448
                ],
                [
                    -0.13169272243976593,
                    -0.01567847840487957,
                    0.9911665916442871,
                    -0.3476562798023224
                ],
                [
                    0.0,
                    0.0,
                    0.0,
                    1.0
                ]
            ],
            "monst3r_im_id": 37
        },
        {
            "transform_matrix": [
                [
                    0.9902631640434265,
                    -0.0010960913496091962,
                    0.13920360803604126,
                    -0.08502604067325592
                ],
                [
                    -0.0010960913496091962,
                    0.9998766183853149,
                    0.01567039079964161,
                    0.03860677033662796
                ],
                [
                    -0.13920360803604126,
                    -0.01567039079964161,
                    0.9901397824287415,
                    -0.3570963740348816
                ],
                [
                    0.0,
                    0.0,
                    0.0,
                    1.0
                ]
            ],
            "monst3r_im_id": 38
        },
        {
            "transform_matrix": [
                [
                    0.9891812801361084,
                    -0.0011550690978765488,
                    0.14669378101825714,
                    -0.08880208432674408
                ],
                [
                    -0.0011550690978765488,
                    0.9998766779899597,
                    0.015661874786019325,
                    0.0390625
                ],
                [
                    -0.14669378101825714,
                    -0.015661874786019325,
                    0.9890579581260681,
                    -0.36510419845581055
                ],
                [
                    0.0,
                    0.0,
                    0.0,
                    1.0
                ]
            ],
            "monst3r_im_id": 39
        },
        {
            "transform_matrix": [
                [
                    0.9880433082580566,
                    -0.0012139510363340378,
                    0.15417177975177765,
                    -0.09257811307907104
                ],
                [
                    -0.0012139510363340378,
                    0.9998767375946045,
                    0.015652915462851524,
                    0.0390625
                ],
                [
                    -0.15417177975177765,
                    -0.015652915462851524,
                    0.9879200458526611,
                    -0.3726562261581421
                ],
                [
                    0.0,
                    0.0,
                    0.0,
                    1.0
                ]
            ],
            "monst3r_im_id": 40
        },
        {
            "transform_matrix": [
                [
                    0.9868488311767578,
                    -0.001272764289751649,
                    0.16164104640483856,
                    -0.0963541716337204
                ],
                [
                    -0.001272764289751649,
                    0.9998767971992493,
                    0.015643510967493057,
                    0.0390625
                ],
                [
                    -0.16164104640483856,
                    -0.015643510967493057,
                    0.9867256283760071,
                    -0.3802083730697632
                ],
                [
                    0.0,
                    0.0,
                    0.0,
                    1.0
                ]
            ],
            "monst3r_im_id": 41
        },
        {
            "transform_matrix": [
                [
                    0.9855978488922119,
                    -0.0013315030373632908,
                    0.16910088062286377,
                    -0.10013021528720856
                ],
                [
                    -0.0013315030373632908,
                    0.9998769164085388,
                    0.015633661299943924,
                    0.0390625
                ],
                [
                    -0.16910088062286377,
                    -0.015633661299943924,
                    0.9854747653007507,
                    -0.3877604007720947
                ],
                [
                    0.0,
                    0.0,
                    0.0,
                    1.0
                ]
            ],
            "monst3r_im_id": 42
        },
        {
            "transform_matrix": [
                [
                    0.9838777780532837,
                    -0.00140816206112504,
                    0.17883655428886414,
                    -0.10390624403953552
                ],
                [
                    -0.00140816206112504,
                    0.9998770356178284,
                    0.015620118007063866,
                    0.04023437201976776
                ],
                [
                    -0.17883655428886414,
                    -0.015620118007063866,
                    0.9837548136711121,
                    -0.3941406011581421
                ],
                [
                    0.0,
                    0.0,
                    0.0,
                    1.0
                ]
            ],
            "monst3r_im_id": 43
        },
        {
            "transform_matrix": [
                [
                    0.9817927479743958,
                    -0.0014956641243770719,
                    0.18994934856891632,
                    -0.10768228769302368
                ],
                [
                    -0.0014956641243770719,
                    0.9998771548271179,
                    0.01560369972139597,
                    0.04212239384651184
                ],
                [
                    -0.18994934856891632,
                    -0.01560369972139597,
                    0.9816699028015137,
                    -0.3998046815395355
                ],
                [
                    0.0,
                    0.0,
                    0.0,
                    1.0
                ]
            ],
            "monst3r_im_id": 44
        },
        {
            "transform_matrix": [
                [
                    0.9795821309089661,
                    -0.0015829774783924222,
                    0.2010381519794464,
                    -0.11145833134651184
                ],
                [
                    -0.0015829774783924222,
                    0.9998772740364075,
                    0.015586293302476406,
                    0.04401041567325592
                ],
                [
                    -0.2010381519794464,
                    -0.015586293302476406,
                    0.9794594049453735,
                    -0.40546873211860657
                ],
                [
                    0.0,
                    0.0,
                    0.0,
                    1.0
                ]
            ],
            "monst3r_im_id": 45
        },
        {
            "transform_matrix": [
                [
                    0.9772463440895081,
                    -0.0016700859414413571,
                    0.21210089325904846,
                    -0.115234375
                ],
                [
                    -0.0016700859414413571,
                    0.999877393245697,
                    0.015567904338240623,
                    0.0458984375
                ],
                [
                    -0.21210089325904846,
                    -0.015567904338240623,
                    0.9771237373352051,
                    -0.4111328125
                ],
                [
                    0.0,
                    0.0,
                    0.0,
                    1.0
                ]
            ],
            "monst3r_im_id": 46
        },
        {
            "transform_matrix": [
                [
                    0.9751426577568054,
                    -0.0017462664982303977,
                    0.22157107293605804,
                    -0.11809895932674408
                ],
                [
                    -0.0017462664982303977,
                    0.9998773336410522,
                    0.015565711073577404,
                    0.04778645932674408
                ],
                [
                    -0.22157107293605804,
                    -0.015565711073577404,
                    0.9750199913978577,
                    -0.4177083373069763
                ],
                [
                    0.0,
                    0.0,
                    0.0,
                    1.0
                ]
            ],
            "monst3r_im_id": 47
        },
        {
            "transform_matrix": [
                [
                    0.9733429551124573,
                    -0.001811013906262815,
                    0.229347363114357,
                    -0.11998698115348816
                ],
                [
                    -0.001811013906262815,
                    0.9998769760131836,
                    0.01558129396289587,
                    0.04967448115348816
                ],
                [
                    -0.229347363114357,
                    -0.01558129396289587,
                    0.9732199311256409,
                    -0.42526042461395264
                ],
                [
                    0.0,
                    0.0,
                    0.0,
                    1.0
                ]
            ],
            "monst3r_im_id": 48
        },
        {
            "transform_matrix": [
                [
                    0.971481204032898,
                    -0.0018758847145363688,
                    0.23710916936397552,
                    -0.12187500298023224
                ],
                [
                    -0.0018758847145363688,
                    0.9998766183853149,
                    0.015596360899508,
                    0.05156250298023224
                ],
                [
                    -0.23710916936397552,
                    -0.015596360899508,
                    0.9713578224182129,
                    -0.43281251192092896
                ],
                [
                    0.0,
                    0.0,
                    0.0,
                    1.0
                ]
