{
    "w": 272.0,
    "h": 272.0,
    "fl_x": 456.0,
    "fl_y": 456.0,
    "cx": 320.0,
    "cy": 136.0,
    "frames": [
        {
            "transform_matrix": [
                [
                    1.0,
                    -1.4971798800722524e-10,
                    3.725290298461914e-09,
                    0.0
                ],
                [
                    1.4971798800722524e-10,
                    1.0,
                    -1.8586024941313894e-09,
                    -2.9802322387695312e-08
                ],
                [
                    -3.725290298461914e-09,
                    1.8586024941313894e-09,
                    1.0,
                    -5.960464477539063e-08
                ],
                [
                    0.0,
                    0.0,
                    0.0,
                    1.0
                ]
            ],
            "monst3r_im_id": 1
        },
        {
            "transform_matrix": [
                [
                    0.9996790289878845,
                    0.010732533410191536,
                    -0.022950101643800735,
                    -0.011643171310424805
                ],
                [
                    -0.010497448965907097,
                    0.999891459941864,
                    0.010339339263737202,
                    0.007323385216295719
                ],
                [
                    0.023058578372001648,
                    -0.010095103643834591,
                    0.999683141708374,
                    -0.0019716050010174513
                ],
                [
                    0.0,
                    0.0,
                    0.0,
                    1.0
                ]
            ],
            "monst3r_im_id": 2
        },
        {
            "transform_matrix": [
                [
                    0.9998699426651001,
                    0.008939490653574467,
                    -0.013421807438135147,
                    0.004637254402041435
                ],
                [
                    -0.008735178969800472,
                    0.9998462200164795,
                    0.015204577706754208,
                    0.010366127826273441
                ],
                [
                    0.01355566456913948,
                    -0.01508535910397768,
                    0.9997943043708801,
                    -0.00343915238045156
                ],
                [
                    0.0,
                    0.0,
                    0.0,
                    1.0
                ]
            ],
            "monst3r_im_id": 3
        },
        {
            "transform_matrix": [
                [
                    0.9996982216835022,
                    0.01121358759701252,
                    -0.02185622602701187,
                    0.008030828088521957
                ],
                [
                    -0.010872211307287216,
                    0.9998180270195007,
                    0.015675898641347885,
                    0.008875894360244274
                ],
                [
                    0.022028032690286636,
                    -0.015433542430400848,
                    0.9996381998062134,
                    -0.0012700374936684966
                ],
                [
                    0.0,
                    0.0,
                    0.0,
                    1.0
                ]
            ],
            "monst3r_im_id": 4
        },
        {
            "transform_matrix": [
                [
                    0.9995858073234558,
                    0.012211739085614681,
                    -0.02605832740664482,
                    0.014867103658616543
                ],
                [
                    -0.011795633472502232,
                    0.9998013973236084,
                    0.016062632203102112,
                    0.007266158238053322
                ],
                [
                    0.02624930441379547,
                    -0.015748605132102966,
                    0.9995313882827759,
                    0.0006368960021063685
                ],
                [
                    0.0,
                    0.0,
                    0.0,
                    1.0
                ]
            ],
            "monst3r_im_id": 5
        },
        {
            "transform_matrix": [
                [
                    0.9992774128913879,
                    0.015171281062066555,
                    -0.034849945455789566,
                    0.017457256093621254
                ],
                [
                    -0.014705213718116283,
                    0.9997994899749756,
                    0.013591193594038486,
                    0.0027107824571430683
                ],
                [
                    0.03504915162920952,
                    -0.01306889671832323,
                    0.9993001222610474,
                    0.004015336744487286
                ],
                [
                    0.0,
                    0.0,
                    0.0,
                    1.0
                ]
            ],
            "monst3r_im_id": 6
        },
        {
            "transform_matrix": [
                [
                    0.9988269805908203,
                    0.017845280468463898,
                    -0.04501371830701828,
                    0.01722906157374382
                ],
                [
                    -0.017063453793525696,
                    0.9996978640556335,
                    0.0176935363560915,
                    0.003875168040394783
                ],
                [
                    0.04531586170196533,
                    -0.016904691234230995,
                    0.9988296627998352,
                    0.004205542616546154
                ],
                [
                    0.0,
                    0.0,
                    0.0,
                    1.0
                ]
            ],
            "monst3r_im_id": 7
        },
        {
            "transform_matrix": [
                [
                    0.9983335137367249,
                    0.020916705951094627,
                    -0.05378396064043045,
                    0.016518069431185722
                ],
                [
                    -0.020032698288559914,
                    0.999656081199646,
                    0.016923246905207634,
                    0.0004303507157601416
                ],
                [
                    0.05411944538354874,
                    -0.015817606821656227,
                    0.9984091520309448,
                    0.006103120278567076
                ],
                [
                    0.0,
                    0.0,
                    0.0,
                    1.0
                ]
            ],
            "monst3r_im_id": 8
        },
        {
            "transform_matrix": [
                [
                    0.9973509311676025,
                    0.022628940641880035,
                    -0.0691303089261055,
                    0.007289288565516472
                ],
                [
                    -0.02128308266401291,
                    0.9995705485343933,
                    0.020143399015069008,
                    0.0005757909966632724
                ],
                [
                    0.06955643743276596,
                    -0.018618730828166008,
                    0.9974042773246765,
                    0.006048397161066532
                ],
                [
                    0.0,
                    0.0,
                    0.0,
                    1.0
                ]
            ],
            "monst3r_im_id": 9
        },
        {
            "transform_matrix": [
                [
                    0.9967660307884216,
                    0.021590139716863632,
                    -0.07740364223718643,
                    0.0016767692286521196
                ],
                [
                    -0.018963810056447983,
                    0.9992245435714722,
                    0.034506313502788544,
                    0.01114146038889885
                ],
                [
                    0.07808861881494522,
                    -0.03292685002088547,
                    0.9964025020599365,
                    0.0002079653786495328
                ],
                [
                    0.0,
                    0.0,
                    0.0,
                    1.0
                ]
            ],
            "monst3r_im_id": 10
        },
        {
            "transform_matrix": [
                [
                    0.9959859848022461,
                    0.018334658816456795,
                    -0.08761140704154968,
                    -0.00819432083517313
                ],
                [
                    -0.014873242937028408,
                    0.9990890026092529,
                    0.03999950364232063,
                    0.014612571336328983
                ],
                [
                    0.08826497197151184,
                    -0.03853588178753853,
                    0.9953513145446777,
                    -0.0017898485530167818
                ],
                [
                    0.0,
                    0.0,
                    0.0,
                    1.0
                ]
            ],
            "monst3r_im_id": 11
        },
        {
            "transform_matrix": [
                [
                    0.9944165349006653,
                    0.015770744532346725,
                    -0.10434109717607498,
                    -0.025872495025396347
                ],
                [
                    -0.011144215241074562,
                    0.9989349246025085,
                    0.04477579891681671,
                    0.018561985343694687
                ],
                [
                    0.10493611544370651,
                    -0.043362997472286224,
                    0.9935331344604492,
                    -0.0037493754643946886
                ],
                [
                    0.0,
                    0.0,
                    0.0,
                    1.0
                ]
            ],
            "monst3r_im_id": 12
        },
        {
            "transform_matrix": [
                [
                    0.9963614344596863,
                    0.016617415472865105,
                    -0.08359256386756897,
                    -0.010182510130107403
                ],
                [
                    -0.013826916925609112,
                    0.9993312358856201,
                    0.03385104611515999,
                    0.009084677323698997
                ],
                [
                    0.0840991735458374,
                    -0.032572049647569656,
                    0.9959248900413513,
                    0.0014484022976830602
                ],
                [
                    0.0,
                    0.0,
                    0.0,
                    1.0
                ]
            ],
            "monst3r_im_id": 13
        },
        {
            "transform_matrix": [
                [
                    0.9960407018661499,
                    0.026217112317681313,
                    -0.08494485914707184,
                    -0.012360195629298687
                ],
                [
                    -0.025237323716282845,
                    0.9996022582054138,
                    0.012587975710630417,
                    -0.010293650440871716
                ],
                [
                    0.08524109423160553,
                    -0.010394355282187462,
                    0.9963061213493347,
                    0.011602366343140602
                ],
                [
                    0.0,
                    0.0,
                    0.0,
                    1.0
                ]
            ],
            "monst3r_im_id": 14
        },
        {
            "transform_matrix": [
                [
                    0.9952956438064575,
                    0.03811442106962204,
                    -0.08907223492860794,
                    -0.01741679757833481
                ],
                [
                    -0.039082787930965424,
                    0.9991940855979919,
                    -0.009152451530098915,
                    -0.03102925792336464
                ],
                [
                    0.08865160495042801,
                    0.012590587139129639,
                    0.9959831237792969,
                    0.021630242466926575
                ],
                [
                    0.0,
                    0.0,
                    0.0,
                    1.0
                ]
            ],
            "monst3r_im_id": 15
        },
        {
            "transform_matrix": [
                [
                    0.9960718750953674,
                    0.030694127082824707,
                    -0.08305840194225311,
                    -0.02317240834236145
                ],
                [
                    -0.030391313135623932,
                    0.9995260238647461,
                    0.0049079726450145245,
                    -0.017574690282344818
                ],
                [
                    0.08316968381404877,
                    -0.002364439656957984,
                    0.9965326189994812,
                    0.015019066631793976
                ],
                [
                    0.0,
                    0.0,
                    0.0,
                    1.0
                ]
            ],
            "monst3r_im_id": 16
        },
        {
            "transform_matrix": [
                [
                    0.996120035648346,
                    0.03542027622461319,
                    -0.0805622786283493,
                    -0.028009457513689995
                ],
                [
                    -0.03543750196695328,
                    0.9993711709976196,
                    0.0012164515210315585,
                    -0.02164888195693493
                ],
                [
                    0.08055470883846283,
                    0.001643194118514657,
                    0.9967488050460815,
                    0.01670786924660206
                ],
                [
                    0.0,
                    0.0,
                    0.0,
                    1.0
                ]
            ],
            "monst3r_im_id": 17
        },
        {
            "transform_matrix": [
                [
                    0.9972337484359741,
                    0.03135896101593971,
                    -0.06739018857479095,
                    -0.027842074632644653
                ],
                [
                    -0.03092104382812977,
                    0.9994934797286987,
                    0.0075317868031561375,
                    -0.015326358377933502
                ],
                [
                    0.06759224832057953,
                    -0.005427177529782057,
                    0.9976982474327087,
                    0.013221807777881622
                ],
                [
                    0.0,
                    0.0,
                    0.0,
                    1.0
                ]
            ],
            "monst3r_im_id": 18
        },
        {
            "transform_matrix": [
                [
                    0.9985191226005554,
                    0.015445571392774582,
                    -0.05216300114989281,
                    -0.03209048509597778
                ],
                [
                    -0.01400010846555233,
                    0.9995108842849731,
                    0.02796313911676407,
                    0.00539415143430233
                ],
                [
                    0.05256939306855202,
                    -0.027191441506147385,
                    0.9982470273971558,
                    0.0024954779073596
                ],
                [
                    0.0,
                    0.0,
                    0.0,
                    1.0
                ]
            ],
            "monst3r_im_id": 19
        },
        {
            "transform_matrix": [
                [
                    0.9997771382331848,
                    -0.005194245371967554,
                    -0.020461078733205795,
                    -0.025226544588804245
                ],
                [
                    0.00601279828697443,
                    0.9991756081581116,
                    0.04014918580651283,
                    0.019322626292705536
                ],
                [
                    0.020235665142536163,
                    -0.04026326909661293,
                    0.998984158039093,
                    -0.006205494049936533
                ],
                [
                    0.0,
                    0.0,
                    0.0,
                    1.0
                ]
            ],
            "monst3r_im_id": 20
        },
        {
            "transform_matrix": [
                [
                    0.9999132752418518,
                    -0.013015339151024818,
                    -0.0020076597575098276,
                    -0.02567898854613304
                ],
                [
                    0.013071510940790176,
                    0.9994305968284607,
                    0.031105706468224525,
                    0.01329791359603405
                ],
                [
                    0.0016016653971746564,
                    -0.031129254028201103,
                    0.999514102935791,
                    -0.0044135525822639465
                ],
                [
                    0.0,
                    0.0,
                    0.0,
                    1.0
                ]
            ],
            "monst3r_im_id": 21
        },
        {
            "transform_matrix": [
                [
                    0.9998940825462341,
                    0.00811636634171009,
                    0.012081027962267399,
                    -0.01776118390262127
                ],
                [
                    -0.008379083126783371,
                    0.9997259974479675,
                    0.021856874227523804,
                    0.004523471929132938
                ],
                [
                    -0.011900319717824459,
                    -0.021955788135528564,
                    0.9996880888938904,
                    -0.0023979488760232925
                ],
                [
                    0.0,
                    0.0,
                    0.0,
                    1.0
                ]
            ],
            "monst3r_im_id": 22
        },
        {
            "transform_matrix": [
                [
                    0.9979653358459473,
                    0.024579403921961784,
                    0.05883100628852844,
                    0.01758021116256714
                ],
                [
                    -0.02534167282283306,
                    0.9996038675308228,
                    0.012245994992554188,
                    -0.004583250731229782
                ],
                [
                    -0.05850669741630554,
                    -0.013711954466998577,
                    0.9981928467750549,
                    -0.005092775449156761
                ],
                [
                    0.0,
                    0.0,
                    0.0,
                    1.0
                ]
            ],
            "monst3r_im_id": 23
        },
        {
            "transform_matrix": [
                [
                    0.9894899725914001,
                    -0.0035119156818836927,
                    0.14455881714820862,
                    0.0698045939207077
                ],
                [
                    -0.004773944616317749,
                    0.99836665391922,
                    0.0569315031170845,
                    0.03836124390363693
                ],
                [
                    -0.14452263712882996,
                    -0.05702326446771622,
                    0.9878570437431335,
                    -0.0418279767036438
                ],
                [
                    0.0,
                    0.0,
                    0.0,
                    1.0
                ]
            ],
            "monst3r_im_id": 24
        },
        {
            "transform_matrix": [
                [
                    0.9897537231445312,
                    -0.02087884023785591,
                    0.1412504017353058,
                    0.05212883651256561
                ],
                [
                    0.011331706307828426,
                    0.9976168870925903,
                    0.06805989146232605,
                    0.0512075312435627
                ],
                [
                    -0.14233478903770447,
                    -0.06576192378997803,
                    0.987631618976593,
                    -0.045789603143930435
                ],
                [
                    0.0,
                    0.0,
                    0.0,
                    1.0
                ]
            ],
            "monst3r_im_id": 25
        },
        {
            "transform_matrix": [
                [
                    0.9903227090835571,
                    -0.006416996940970421,
                    0.13863542675971985,
                    0.05475451797246933
                ],
                [
                    -0.0018672400619834661,
                    0.9982240200042725,
                    0.05954301729798317,
                    0.045686863362789154
                ],
                [
                    -0.13877129554748535,
                    -0.059225667268037796,
                    0.988551914691925,
                    -0.04319276660680771
                ],
                [
                    0.0,
                    0.0,
                    0.0,
                    1.0
                ]
            ],
            "monst3r_im_id": 26
        },
        {
            "transform_matrix": [
                [
                    0.9917394518852234,
                    -0.002273029647767544,
                    0.12824834883213043,
                    0.052394717931747437
                ],
                [
                    -0.001264710328541696,
                    0.9996210932731628,
                    0.02749689295887947,
                    0.021716751158237457
                ],
                [
                    -0.12826226651668549,
                    -0.027431949973106384,
                    0.9913608431816101,
                    -0.02790994569659233
                ],
                [
                    0.0,
                    0.0,
                    0.0,
                    1.0
                ]
            ],
            "monst3r_im_id": 27
        },
        {
            "transform_matrix": [
                [
                    0.9986897110939026,
                    0.05026326701045036,
                    -0.009614436887204647,
                    -0.03893296420574188
                ],
                [
                    -0.05021122470498085,
                    0.998723030090332,
                    0.005579610355198383,
                    0.0030002552084624767
                ],
                [
                    0.009882609359920025,
                    -0.005089546553790569,
                    0.9999381899833679,
                    -0.0022977739572525024
                ],
                [
                    0.0,
                    0.0,
                    0.0,
                    1.0
                ]
            ],
            "monst3r_im_id": 28
        },
        {
            "transform_matrix": [
                [
                    0.9965505599975586,
                    0.052144601941108704,
                    -0.06455963850021362,
                    -0.07524032890796661
                ],
                [
                    -0.05231229215860367,
                    0.9986303448677063,
                    -0.0009086545323953032,
                    0.0011923575075343251
                ],
                [
                    0.0644238293170929,
                    0.004282782785594463,
                    0.9979134202003479,
                    0.005117243155837059
                ],
                [
                    0.0,
                    0.0,
                    0.0,
                    1.0
                ]
            ],
            "monst3r_im_id": 29
        },
        {
            "transform_matrix": [
                [
                    0.9929216504096985,
                    0.08502423763275146,
                    -0.08293040096759796,
                    -0.06769850850105286
                ],
                [
                    -0.08693815767765045,
                    0.99601811170578,
                    -0.019740570336580276,
                    -0.015383301302790642
                ],
                [
                    0.08092175424098969,
                    0.026810655370354652,
                    0.9963598251342773,
                    0.014358114451169968
                ],
                [
                    0.0,
                    0.0,
                    0.0,
                    1.0
                ]
            ],
            "monst3r_im_id": 30
        },
        {
            "transform_matrix": [
                [
                    0.9820305705070496,
                    0.14125879108905792,
                    -0.12514755129814148,
                    -0.07639630138874054
                ],
                [
                    -0.15054599940776825,
                    0.9862540364265442,
                    -0.068109430372715,
                    -0.06468934565782547
                ],
                [
                    0.11380622535943985,
                    0.08572601526975632,
                    0.9897975325584412,
                    0.0363955944776535
                ],
                [
                    0.0,
                    0.0,
                    0.0,
                    1.0
                ]
            ],
            "monst3r_im_id": 31
        },
        {
            "transform_matrix": [
                [
                    0.9873049259185791,
                    0.09821101278066635,
                    -0.12483444064855576,
                    -0.09263596683740616
                ],
                [
                    -0.10344160348176956,
                    0.9939795732498169,
                    -0.03611714765429497,
                    -0.025678811594843864
                ],
                [
                    0.12053578346967697,
                    0.04857170581817627,
                    0.9915199875831604,
                    0.02142498269677162
                ],
                [
                    0.0,
                    0.0,
                    0.0,
                    1.0
                ]
            ],
            "monst3r_im_id": 32
        },
        {
            "transform_matrix": [
                [
                    0.9910256266593933,
                    0.06657053530216217,
                    -0.11591615527868271,
                    -0.09860116243362427
                ],
                [
                    -0.06827117502689362,
                    0.9976087808609009,
                    -0.010758965276181698,
                    0.0033557722344994545
                ],
                [
                    0.11492273956537247,
                    0.01857614330947399,
                    0.9932007193565369,
                    0.008519820868968964
                ],
                [
                    0.0,
                    0.0,
                    0.0,
                    1.0
                ]
            ],
            "monst3r_im_id": 33
        },
        {
            "transform_matrix": [
                [
                    0.9908738732337952,
                    0.08557641506195068,
                    -0.10414233803749084,
                    -0.08260063081979752
                ],
                [
                    -0.08900953829288483,
                    0.9956152439117432,
                    -0.02876873128116131,
                    -0.016168516129255295
                ],
                [
                    0.10122376680374146,
                    0.03777584806084633,
                    0.9941462278366089,
                    0.015150154009461403
                ],
                [
                    0.0,
                    0.0,
                    0.0,
                    1.0
                ]
            ],
            "monst3r_im_id": 34
        },
        {
            "transform_matrix": [
                [
                    0.9932559728622437,
                    0.08344317227602005,
                    -0.08049707859754562,
                    -0.06514041125774384
                ],
                [
                    -0.08463915437459946,
                    0.9963446855545044,
                    -0.011555525474250317,
                    -0.0011478080414235592
                ],
                [
                    0.07923860102891922,
                    0.018290799111127853,
                    0.9966878890991211,
                    0.005724218674004078
                ],
                [
                    0.0,
                    0.0,
                    0.0,
                    1.0
                ]
            ],
            "monst3r_im_id": 35
        },
        {
            "transform_matrix": [
                [
                    0.9937475919723511,
                    0.08597811311483383,
                    -0.07122819870710373,
                    -0.057874809950590134
                ],
                [
                    -0.08820601552724838,
                    0.9956875443458557,
                    -0.028741225600242615,
                    -0.01903511770069599
                ],
                [
                    0.06844990700483322,
                    0.034844279289245605,
                    0.9970458745956421,
                    0.011855803430080414
                ],
                [
                    0.0,
                    0.0,
                    0.0,
                    1.0
                ]
            ],
            "monst3r_im_id": 36
        },
        {
            "transform_matrix": [
                [
                    0.9989126920700073,
                    -0.04124236851930618,
                    0.02173684723675251,
                    -0.03377021104097366
                ],
                [
                    0.040378376841545105,
                    0.9984312057495117,
                    0.038791097700595856,
                    0.05264618992805481
                ],
                [
                    -0.023302583023905754,
                    -0.03787121921777725,
                    0.9990109205245972,
                    -0.02795557491481304
                ],
                [
                    0.0,
                    0.0,
                    0.0,
                    1.0
                ]
            ],
            "monst3r_im_id": 37
        },
        {
            "transform_matrix": [
                [
                    0.9957100749015808,
                    -0.06736256927251816,
                    0.06343287974596024,
                    -0.005415064282715321
                ],
                [
                    0.06533389538526535,
                    0.9972999095916748,
                    0.03353249281644821,
                    0.04813837632536888
                ],
                [
                    -0.06552044302225113,
                    -0.029244324192404747,
                    0.9974225759506226,
                    -0.027398422360420227
                ],
                [
                    0.0,
                    0.0,
                    0.0,
                    1.0
                ]
            ],
            "monst3r_im_id": 38
        },
        {
            "transform_matrix": [
                [
                    0.9968069791793823,
                    -0.06770952045917511,
                    0.042323023080825806,
                    -0.024423962458968163
                ],
                [
                    0.065363809466362,
                    0.996369481086731,
                    0.05454714596271515,
                    0.0661178007721901
                ],
                [
                    -0.04586273431777954,
                    -0.05160658061504364,
                    0.9976138472557068,
                    -0.035172998905181885
                ],
                [
                    0.0,
                    0.0,
                    0.0,
                    1.0
                ]
            ],
            "monst3r_im_id": 39
        },
        {
            "transform_matrix": [
                [
                    0.9986629486083984,
                    -0.05074835196137428,
                    0.009847765788435936,
                    -0.046013638377189636
                ],
                [
                    0.05006115511059761,
                    0.9969043731689453,
                    0.06062645837664604,
                    0.07055047899484634
                ],
                [
                    -0.012893973849713802,
                    -0.060052406042814255,
                    0.9981119632720947,
                    -0.035189542919397354
                ],
                [
                    0.0,
                    0.0,
                    0.0,
                    1.0
                ]
            ],
            "monst3r_im_id": 40
        },
        {
            "transform_matrix": [
                [
                    0.999502956867218,
                    -0.031271904706954956,
                    -0.003985622897744179,
                    -0.04910802096128464
                ],
                [
                    0.0314604789018631,
                    0.9975340366363525,
                    0.06273789703845978,
                    0.07104574143886566
                ],
                [
                    0.002013860736042261,
                    -0.06283210217952728,
                    0.9980220794677734,
                    -0.03521369397640228
                ],
                [
                    0.0,
                    0.0,
                    0.0,
                    1.0
                ]
            ],
            "monst3r_im_id": 41
        },
        {
            "transform_matrix": [
                [
                    0.9998078346252441,
                    -0.015469079837203026,
                    -0.012039818800985813,
                    -0.048076093196868896
                ],
                [
                    0.016265125945210457,
                    0.9974771738052368,
                    0.06909956783056259,
                    0.07535870373249054
                ],
                [
                    0.010940538719296455,
                    -0.06928212195634842,
                    0.9975371360778809,
                    -0.0375467911362648
                ],
                [
                    0.0,
                    0.0,
                    0.0,
                    1.0
                ]
            ],
            "monst3r_im_id": 42
        },
        {
            "transform_matrix": [
                [
                    0.9996975660324097,
                    -0.007528899237513542,
                    -0.023410281166434288,
                    -0.052440524101257324
                ],
                [
                    0.009419234469532967,
                    0.9966111183166504,
                    0.08171627670526505,
                    0.08570678532123566
                ],
                [
                    0.02271571196615696,
                    -0.0819120779633522,
                    0.996380627155304,
                    -0.0426945760846138
                ],
                [
                    0.0,
                    0.0,
                    0.0,
                    1.0
                ]
            ],
            "monst3r_im_id": 43
        },
        {
            "transform_matrix": [
                [
                    0.9998122453689575,
                    -0.010018971748650074,
                    -0.016585832461714745,
                    -0.04386536777019501
                ],
                [
                    0.011318965815007687,
                    0.9967114329338074,
                    0.08023811131715775,
                    0.08500836044549942
                ],
                [
                    0.015727384015917778,
                    -0.08041078597307205,
                    0.9966377019882202,
                    -0.041727833449840546
                ],
                [
                    0.0,
                    0.0,
                    0.0,
                    1.0
                ]
            ],
            "monst3r_im_id": 44
        },
        {
            "transform_matrix": [
                [
                    0.9991557598114014,
                    -0.0109339514747262,
                    -0.03960045799612999,
                    -0.06118185073137283
                ],
                [
                    0.01443411037325859,
                    0.9959083199501038,
                    0.08920884132385254,
                    0.09394671022891998
                ],
                [
                    0.03846302255988121,
                    -0.08970512449741364,
                    0.9952253699302673,
                    -0.04451538249850273
                ],
                [
                    0.0,
                    0.0,
                    0.0,
                    1.0
                ]
            ],
            "monst3r_im_id": 45
        },
        {
            "transform_matrix": [
                [
                    0.998359203338623,
                    -0.007547301705926657,
                    -0.056762367486953735,
                    -0.07185079157352448
                ],
                [
                    0.01326289027929306,
                    0.9947978854179382,
                    0.10100159794092178,
                    0.10495472699403763
                ],
                [
                    0.05570479482412338,
                    -0.10158870369195938,
                    0.993265688419342,
                    -0.0489313006401062
                ],
                [
                    0.0,
                    0.0,
                    0.0,
                    1.0
                ]
            ],
            "monst3r_im_id": 46
        },
        {
            "transform_matrix": [
                [
                    0.9976034164428711,
                    -0.0001983556430786848,
                    -0.06919098645448685,
                    -0.07765871286392212
                ],
                [
                    0.007828484289348125,
                    0.9938982725143433,
                    0.11002268642187119,
                    0.11265566945075989
                ],
                [
                    0.06874697655439377,
                    -0.11030066758394241,
                    0.9915178418159485,
                    -0.052900806069374084
                ],
                [
                    0.0,
                    0.0,
                    0.0,
                    1.0
                ]
            ],
            "monst3r_im_id": 47
        },
        {
            "transform_matrix": [
                [
                    0.9973651766777039,
                    0.0036033056676387787,
                    -0.07245483994483948,
                    -0.07819019258022308
                ],
                [
                    0.004267596639692783,
