{
    "w": 512,
    "h": 288,
    "fl_x": 277.381256,
    "fl_y": 277.381256,
    "cx": 256.0,
    "cy": 144.0,
    "frames": [
        {
            "transform_matrix": [
                [
                    0.9999897480010986,
                    -0.0005197263672016561,
                    -0.004497766029089689,
                    0.012016418389976025
                ],
                [
                    -0.0004966048873029649,
                    -0.9999867677688599,
                    0.005140259861946106,
                    0.011879993602633476
                ],
                [
                    -0.004500377457588911,
                    -0.005137973465025425,
                    -0.9999767541885376,
                    -0.15590395033359528
                ],
                [
                    0.0,
                    0.0,
                    0.0,
                    1.0
                ]
            ],
            "monst3r_im_id": 1
        },
        {
            "transform_matrix": [
                [
                    0.9999889731407166,
                    -0.0004152370966039598,
                    -0.004671572707593441,
                    0.011974802240729332
                ],
                [
                    -0.0003907651989720762,
                    -0.9999861717224121,
                    0.005238170735538006,
                    0.011836020275950432
                ],
                [
                    -0.00467368308454752,
                    -0.005236287601292133,
                    -0.999975323677063,
                    -0.15541812777519226
                ],
                [
                    0.0,
                    0.0,
                    0.0,
                    1.0
                ]
            ],
            "monst3r_im_id": 2
        },
        {
            "transform_matrix": [
                [
                    0.9999900460243225,
                    -0.000311884970869869,
                    -0.004449900239706039,
                    0.011871198192238808
                ],
                [
                    -0.00028831663075834513,
                    -0.9999858140945435,
                    0.00529603473842144,
                    0.01173408329486847
                ],
                [
                    -0.0044514890760183334,
                    -0.0052946992218494415,
                    -0.9999759197235107,
                    -0.15425188839435577
                ],
                [
                    0.0,
                    0.0,
                    0.0,
                    1.0
                ]
            ],
            "monst3r_im_id": 3
        },
        {
            "transform_matrix": [
                [
                    0.999990701675415,
                    -0.00040943259955383837,
                    -0.004289618227630854,
                    0.01171877235174179
                ],
                [
                    -0.0003878251591231674,
                    -0.9999872446060181,
                    0.005036764312535524,
                    0.011592863127589226
                ],
                [
                    -0.004291626159101725,
                    -0.005035053472965956,
                    -0.9999781847000122,
                    -0.15263299643993378
                ],
                [
                    0.0,
                    0.0,
                    0.0,
                    1.0
                ]
            ],
            "monst3r_im_id": 4
        },
        {
            "transform_matrix": [
                [
                    0.999991238117218,
                    -0.0004961118102073669,
                    -0.004161186516284943,
                    0.011528601869940758
                ],
                [
                    -0.00047628674656152725,
                    -0.9999886751174927,
                    0.004763920325785875,
                    0.01142797339707613
                ],
                [
                    -0.004163502715528011,
                    -0.004761896561831236,
                    -0.999980092048645,
                    -0.15076211094856262
                ],
                [
                    0.0,
                    0.0,
                    0.0,
                    1.0
                ]
            ],
            "monst3r_im_id": 5
        },
        {
            "transform_matrix": [
                [
                    0.9999915361404419,
                    -0.0005321605131030083,
                    -0.004076514393091202,
                    0.011315291747450829
                ],
                [
                    -0.0005136284744367003,
                    -0.9999895095825195,
                    0.00454575102776289,
                    0.011255096644163132
                ],
                [
                    -0.0040788911283016205,
                    -0.004543619230389595,
                    -0.9999812841415405,
                    -0.14877808094024658
                ],
                [
                    0.0,
                    0.0,
                    0.0,
                    1.0
                ]
            ],
            "monst3r_im_id": 6
        },
        {
            "transform_matrix": [
                [
                    0.999991774559021,
                    -0.0005837631179019809,
                    -0.004009346477687359,
                    0.011097889393568039
                ],
                [
                    -0.0005662896437570453,
                    -0.9999903440475464,
                    0.004357943776994944,
                    0.011088315397500992
                ],
                [
                    -0.0040118517354130745,
                    -0.004355637822300196,
                    -0.999982476234436,
                    -0.14676032960414886
                ],
                [
                    0.0,
                    0.0,
                    0.0,
                    1.0
                ]
            ],
            "monst3r_im_id": 7
        },
        {
            "transform_matrix": [
                [
                    0.9999924898147583,
                    -0.0006276415660977364,
                    -0.0038251683581620455,
                    0.010894124396145344
                ],
                [
                    -0.0006111481925472617,
                    -0.9999903440475464,
                    0.004311451688408852,
                    0.010935375466942787
                ],
                [
                    -0.0038278379943221807,
                    -0.004309081472456455,
                    -0.9999833106994629,
                    -0.14474701881408691
                ],
                [
                    0.0,
                    0.0,
                    0.0,
                    1.0
                ]
            ],
            "monst3r_im_id": 8
        },
        {
            "transform_matrix": [
                [
                    0.9999923706054688,
                    -0.0007501512300223112,
                    -0.0038341854233294725,
                    0.010705992579460144
                ],
                [
                    -0.0007345187477767467,
                    -0.9999914169311523,
                    0.0040769074112176895,
                    0.010791587643325329
                ],
                [
                    -0.003837210824713111,
                    -0.00407406035810709,
                    -0.9999842643737793,
                    -0.14274734258651733
                ],
                [
                    0.0,
                    0.0,
                    0.0,
                    1.0
                ]
            ],
            "monst3r_im_id": 9
        },
        {
            "transform_matrix": [
                [
                    0.9999929070472717,
                    -0.0007415193249471486,
                    -0.003688193392008543,
                    0.010514944791793823
                ],
                [
                    -0.0007265211897902191,
                    -0.9999915361404419,
                    0.004066196270287037,
                    0.01065129041671753
                ],
                [
                    -0.0036911768838763237,
                    -0.004063487984240055,
                    -0.9999849796295166,
                    -0.14077256619930267
                ],
                [
                    0.0,
                    0.0,
                    0.0,
                    1.0
                ]
            ],
            "monst3r_im_id": 10
        },
        {
            "transform_matrix": [
                [
                    0.9999939203262329,
                    -0.0007083101663738489,
                    -0.0034130020067095757,
                    0.010315217077732086
                ],
                [
                    -0.0006954368436709046,
                    -0.9999927282333374,
                    0.0037715425714850426,
                    0.010505739599466324
                ],
                [
                    -0.0034156483598053455,
                    -0.003769146278500557,
                    -0.9999871253967285,
                    -0.1388102024793625
                ],
                [
                    0.0,
                    0.0,
                    0.0,
                    1.0
                ]
            ],
            "monst3r_im_id": 11
        },
        {
            "transform_matrix": [
                [
                    0.999994695186615,
                    -0.0007600320968776941,
                    -0.003163500688970089,
                    0.010110004805028439
                ],
                [
                    -0.0007490238640457392,
                    -0.9999938011169434,
                    0.003479479346424341,
                    0.010351801291108131
                ],
                [
                    -0.0031661251559853554,
                    -0.003477091435343027,
                    -0.9999890327453613,
                    -0.1368493139743805
                ],
                [
                    0.0,
                    0.0,
                    0.0,
                    1.0
                ]
            ],
            "monst3r_im_id": 12
        },
        {
            "transform_matrix": [
                [
                    0.9999949932098389,
                    -0.0008948366739787161,
                    -0.0030332172755151987,
                    0.009902166202664375
                ],
                [
                    -0.0008844945696182549,
                    -0.9999939203262329,
                    0.003409226657822728,
                    0.01019049808382988
                ],
                [
                    -0.0030362491961568594,
                    -0.003406526753678918,
                    -0.9999896287918091,
                    -0.13487094640731812
                ],
                [
                    0.0,
                    0.0,
                    0.0,
                    1.0
                ]
            ],
            "monst3r_im_id": 13
        },
        {
            "transform_matrix": [
                [
                    0.9999951124191284,
                    -0.0009860341669991612,
                    -0.0029723416082561016,
                    0.00969584658741951
                ],
                [
                    -0.0009762690169736743,
                    -0.999994158744812,
                    0.0032850007992237806,
                    0.010023172944784164
                ],
                [
                    -0.0029755630530416965,
                    -0.0032820829655975103,
                    -0.9999902248382568,
                    -0.13286416232585907
                ],
                [
                    0.0,
                    0.0,
                    0.0,
                    1.0
                ]
            ],
            "monst3r_im_id": 14
        },
        {
            "transform_matrix": [
                [
                    0.9999952912330627,
                    -0.0009728106670081615,
                    -0.0029085909482091665,
                    0.009495322592556477
                ],
                [
                    -0.0009642483200877905,
                    -0.999995231628418,
                    0.0029437788762152195,
                    0.00985149759799242
                ],
                [
                    -0.00291144079528749,
                    -0.0029409602284431458,
                    -0.9999914169311523,
                    -0.13083243370056152
                ],
                [
                    0.0,
                    0.0,
                    0.0,
                    1.0
                ]
            ],
            "monst3r_im_id": 15
        },
        {
            "transform_matrix": [
                [
                    0.9999955296516418,
                    -0.0010046090465039015,
                    -0.002825152827426791,
                    0.009303241036832333
                ],
                [
                    -0.0009968953672796488,
                    -0.9999959468841553,
                    0.0027304482646286488,
                    0.009678601287305355
                ],
                [
                    -0.002827883930876851,
                    -0.0027276198379695415,
                    -0.9999923706054688,
                    -0.12879019975662231
                ],
                [
                    0.0,
                    0.0,
                    0.0,
                    1.0
                ]
            ],
            "monst3r_im_id": 16
        },
        {
            "transform_matrix": [
                [
                    0.9999959468841553,
                    -0.0012971478281542659,
                    -0.002540232613682747,
                    0.009120491333305836
                ],
                [
                    -0.0012909449869766831,
                    -0.9999963045120239,
                    0.002441982040181756,
                    0.009508626535534859
                ],
                [
                    -0.002543390728533268,
                    -0.002438692608848214,
                    -0.9999939203262329,
                    -0.1267501562833786
                ],
                [
                    0.0,
                    0.0,
                    0.0,
                    1.0
                ]
            ],
            "monst3r_im_id": 17
        },
        {
            "transform_matrix": [
                [
                    0.9999962449073792,
                    -0.0013730184873566031,
                    -0.002375724259763956,
                    0.00894495751708746
                ],
                [
                    -0.00136793393176049,
                    -0.9999969005584717,
                    0.0021404754370450974,
                    0.00934545323252678
                ],
                [
                    -0.0023786555975675583,
                    -0.0021372176706790924,
                    -0.9999949932098389,
                    -0.12470144778490067
                ],
                [
                    0.0,
                    0.0,
                    0.0,
                    1.0
                ]
            ],
            "monst3r_im_id": 18
        },
        {
            "transform_matrix": [
                [
                    0.999996542930603,
                    -0.0012999264290556312,
                    -0.002277314430102706,
                    0.008774520829319954
                ],
                [
                    -0.0012953741243109107,
                    -0.9999971389770508,
                    0.00199931301176548,
                    0.009188126772642136
                ],
                [
                    -0.002279906766489148,
                    -0.001996356062591076,
                    -0.9999953508377075,
                    -0.12263811379671097
                ],
                [
                    0.0,
                    0.0,
                    0.0,
                    1.0
                ]
            ],
            "monst3r_im_id": 19
        },
        {
            "transform_matrix": [
                [
                    0.9999967217445374,
                    -0.0013323957100510597,
                    -0.0021740123629570007,
                    0.008601442910730839
                ],
                [
                    -0.0013281921856105328,
                    -0.9999973773956299,
                    0.0019338688580319285,
                    0.009031785652041435
                ],
                [
                    -0.0021765832789242268,
                    -0.0019309750059619546,
                    -0.9999958276748657,
                    -0.12055946886539459
                ],
                [
                    0.0,
                    0.0,
                    0.0,
                    1.0
                ]
            ],
            "monst3r_im_id": 20
        },
        {
            "transform_matrix": [
                [
                    0.9999967217445374,
                    -0.0013374303234741092,
                    -0.0021901829168200493,
                    0.008422024548053741
                ],
                [
                    -0.00133345031645149,
                    -0.9999973773956299,
                    0.0018176910234615207,
                    0.008873596787452698
                ],
                [
                    -0.0021926085464656353,
                    -0.0018147645751014352,
                    -0.9999958276748657,
                    -0.11846040189266205
                ],
                [
                    0.0,
                    0.0,
                    0.0,
                    1.0
                ]
            ],
            "monst3r_im_id": 21
        },
        {
            "transform_matrix": [
                [
                    0.9999967813491821,
                    -0.0013607485452666879,
                    -0.0021448624320328236,
                    0.008234506472945213
                ],
                [
                    -0.0013574116164818406,
                    -0.9999979734420776,
                    0.001556473784148693,
                    0.008711814880371094
                ],
                [
                    -0.002146975602954626,
                    -0.0015535573475062847,
                    -0.9999966621398926,
                    -0.11633114516735077
                ],
                [
                    0.0,
                    0.0,
                    0.0,
                    1.0
                ]
            ],
            "monst3r_im_id": 22
        },
        {
            "transform_matrix": [
                [
                    0.999997079372406,
                    -0.0014541877899318933,
                    -0.0019179090159013867,
                    0.008035463280975819
                ],
                [
                    -0.0014517826493829489,
                    -0.9999982118606567,
                    0.0012548040831461549,
                    0.008546003140509129
                ],
                [
                    -0.0019197302171960473,
                    -0.0012520161690190434,
                    -0.9999974966049194,
                    -0.11416704952716827
                ],
                [
                    0.0,
                    0.0,
                    0.0,
                    1.0
                ]
            ],
            "monst3r_im_id": 23
        },
        {
            "transform_matrix": [
                [
                    0.9999973177909851,
                    -0.0014779423363506794,
                    -0.0017879125662147999,
                    0.007819212973117828
                ],
                [
                    -0.0014758079778403044,
                    -0.9999982118606567,
                    0.0011945462319999933,
                    0.008375567384064198
                ],
                [
                    -0.001789674861356616,
                    -0.0011919043026864529,
                    -0.9999977350234985,
                    -0.11197391152381897
                ],
                [
                    0.0,
                    0.0,
                    0.0,
                    1.0
                ]
            ],
            "monst3r_im_id": 24
        },
        {
            "transform_matrix": [
                [
                    0.999997079372406,
                    -0.0016040627378970385,
                    -0.0018032477237284184,
                    0.007584733888506889
                ],
                [
                    -0.0016016222070902586,
                    -0.9999978542327881,
                    0.0013541002990677953,
                    0.008193708024919033
                ],
                [
                    -0.0018054158426821232,
                    -0.0013512083096429706,
                    -0.9999974966049194,
                    -0.1097542941570282
                ],
                [
                    0.0,
                    0.0,
                    0.0,
                    1.0
                ]
            ],
            "monst3r_im_id": 25
        },
        {
            "transform_matrix": [
                [
                    0.9999972581863403,
                    -0.00145758839789778,
                    -0.0018483047606423497,
                    0.007332189939916134
                ],
                [
                    -0.0014553024666383862,
                    -0.9999980926513672,
                    0.0012374642537906766,
                    0.007987852208316326
                ],
                [
                    -0.0018501050071790814,
                    -0.0012347708689048886,
                    -0.9999974966049194,
                    -0.10750769078731537
                ],
                [
                    0.0,
                    0.0,
                    0.0,
                    1.0
                ]
            ],
            "monst3r_im_id": 26
        },
        {
            "transform_matrix": [
                [
                    0.9999974966049194,
                    -0.0012542225886136293,
                    -0.001841855002567172,
                    0.007074104622006416
                ],
                [
                    -0.0012522940523922443,
                    -0.9999985694885254,
                    0.0010478206677362323,
                    0.00775951100513339
                ],
                [
                    -0.001843166770413518,
                    -0.0010455114534124732,
                    -0.9999977350234985,
                    -0.10523959249258041
                ],
                [
                    0.0,
                    0.0,
                    0.0,
                    1.0
                ]
            ],
            "monst3r_im_id": 27
        },
        {
            "transform_matrix": [
                [
                    0.9999974966049194,
                    -0.0011809844290837646,
                    -0.0018965043127536774,
                    0.006818188354372978
                ],
                [
                    -0.001179352286271751,
                    -0.999998927116394,
                    0.0008615405531600118,
                    0.007513479795306921
                ],
                [
                    -0.001897519687190652,
                    -0.000859301770105958,
                    -0.9999978542327881,
                    -0.10295961797237396
                ],
                [
                    0.0,
                    0.0,
                    0.0,
                    1.0
                ]
            ],
            "monst3r_im_id": 28
        },
        {
            "transform_matrix": [
                [
                    0.9999974370002747,
                    -0.001250718953087926,
                    -0.0018874158849939704,
                    0.006568899378180504
                ],
                [
                    -0.001249139430001378,
                    -0.999998927116394,
                    0.0008378053898923099,
                    0.007256471551954746
                ],
                [
                    -0.00188846152741462,
                    -0.0008354456513188779,
                    -0.9999979734420776,
                    -0.1006702184677124
                ],
                [
                    0.0,
                    0.0,
                    0.0,
                    1.0
                ]
            ],
            "monst3r_im_id": 29
        },
        {
            "transform_matrix": [
                [
                    0.999997615814209,
                    -0.0012377782259136438,
                    -0.0018047996563836932,
                    0.006325669586658478
                ],
                [
                    -0.0012362408451735973,
                    -0.9999990463256836,
                    0.0008527269237674773,
                    0.006996932905167341
                ],
                [
                    -0.001805853215046227,
                    -0.0008504937286488712,
                    -0.9999980926513672,
                    -0.09837104380130768
                ],
                [
                    0.0,
                    0.0,
                    0.0,
                    1.0
                ]
            ],
            "monst3r_im_id": 30
        },
        {
            "transform_matrix": [
                [
                    0.9999979734420776,
                    -0.0010802153265103698,
                    -0.0017021322855725884,
                    0.006087041459977627
                ],
                [
                    -0.0010789037914946675,
                    -0.9999990463256836,
                    0.000771244871430099,
                    0.006742243189364672
                ],
                [
                    -0.00170296395663172,
                    -0.0007694069063290954,
                    -0.9999982118606567,
                    -0.09605858474969864
                ],
                [
                    0.0,
                    0.0,
                    0.0,
                    1.0
                ]
            ],
            "monst3r_im_id": 31
        },
        {
            "transform_matrix": [
                [
                    0.9999980926513672,
                    -0.0010930139105767012,
                    -0.0016180810052901506,
                    0.005853674840182066
                ],
                [
                    -0.0010919105261564255,
                    -0.9999991655349731,
                    0.000682575860992074,
                    0.006496659014374018
                ],
                [
                    -0.0016188258305191994,
                    -0.0006808077450841665,
                    -0.9999984502792358,
                    -0.09372607618570328
                ],
                [
                    0.0,
                    0.0,
                    0.0,
                    1.0
                ]
            ],
            "monst3r_im_id": 32
        },
        {
            "transform_matrix": [
                [
                    0.9999976754188538,
                    -0.0012299814261496067,
                    -0.00177001825068146,
                    0.005623184610158205
                ],
                [
                    -0.001228988403454423,
                    -0.9999991655349731,
                    0.0005620536976493895,
                    0.006263379473239183
                ],
                [
                    -0.0017707078950479627,
                    -0.0005598770803771913,
                    -0.9999983310699463,
                    -0.09136872738599777
                ],
                [
                    0.0,
                    0.0,
                    0.0,
                    1.0
                ]
            ],
            "monst3r_im_id": 33
        },
        {
            "transform_matrix": [
                [
                    0.9999982714653015,
                    -0.0011350397253409028,
                    -0.001462995307520032,
                    0.005390359088778496
                ],
                [
                    -0.0011340988567098975,
                    -0.9999991655349731,
                    0.0006438193377107382,
                    0.00604293355718255
                ],
                [
                    -0.0014637247659265995,
                    -0.0006421590223908424,
                    -0.9999986886978149,
                    -0.08898353576660156
                ],
                [
                    0.0,
                    0.0,
                    0.0,
                    1.0
                ]
            ],
            "monst3r_im_id": 34
        },
        {
            "transform_matrix": [
                [
                    0.999998152256012,
                    -0.0011858403449878097,
                    -0.0015076942509040236,
                    0.005156919825822115
                ],
                [
                    -0.00118505849968642,
                    -0.9999992847442627,
                    0.00051940354751423,
                    0.005829891189932823
                ],
                [
                    -0.0015083089238032699,
                    -0.0005176158738322556,
                    -0.9999988079071045,
                    -0.08658170700073242
                ],
                [
                    0.0,
                    0.0,
                    0.0,
                    1.0
                ]
            ],
            "monst3r_im_id": 35
        },
        {
            "transform_matrix": [
                [
                    0.999998152256012,
                    -0.001185197732411325,
                    -0.0015189620899036527,
                    0.004926138557493687
                ],
                [
                    -0.0011842403328046203,
                    -0.9999990463256836,
                    0.0006310694152489305,
                    0.005623027682304382
                ],
                [
                    -0.0015197087777778506,
                    -0.0006292694015428424,
                    -0.9999985694885254,
                    -0.08416914939880371
                ],
                [
                    0.0,
                    0.0,
                    0.0,
                    1.0
                ]
            ],
            "monst3r_im_id": 36
        },
        {
            "transform_matrix": [
                [
                    0.9999980926513672,
                    -0.0011974591761827469,
                    -0.001548366155475378,
                    0.0047007277607917786
                ],
                [
                    -0.0011963751167058945,
                    -0.9999990463256836,
                    0.000700942415278405,
                    0.005421270150691271
                ],
                [
                    -0.0015492041129618883,
                    -0.0006990886176936328,
                    -0.9999985694885254,
                    -0.08174915611743927
                ],
                [
                    0.0,
                    0.0,
                    0.0,
                    1.0
                ]
            ],
            "monst3r_im_id": 37
        },
        {
            "transform_matrix": [
                [
                    0.9999980330467224,
                    -0.0011817588238045573,
                    -0.0015908824279904366,
                    0.004481503739953041
                ],
                [
                    -0.0011807867558673024,
                    -0.9999991655349731,
                    0.0006118941819295287,
                    0.005225075874477625
                ],
                [
                    -0.0015916042029857635,
                    -0.000610014540143311,
                    -0.9999985694885254,
                    -0.07932426035404205
                ],
                [
                    0.0,
                    0.0,
                    0.0,
                    1.0
                ]
            ],
            "monst3r_im_id": 38
        },
        {
            "transform_matrix": [
                [
                    0.999998152256012,
                    -0.0011327089741826057,
                    -0.0015719854272902012,
                    0.004267636686563492
                ],
                [
                    -0.0011319462209939957,
                    -0.9999992847442627,
                    0.00048598408466205,
                    0.005035970825701952
                ],
                [
                    -0.0015725346747785807,
                    -0.0004842037451453507,
                    -0.9999986886978149,
                    -0.07689610123634338
                ],
                [
                    0.0,
                    0.0,
                    0.0,
                    1.0
                ]
            ],
            "monst3r_im_id": 39
        },
        {
            "transform_matrix": [
                [
                    0.999998152256012,
                    -0.00116289546713233,
                    -0.0015432179206982255,
                    0.004058499354869127
                ],
                [
                    -0.001162221422418952,
                    -0.9999992847442627,
                    0.0004375861317384988,
                    0.004854455590248108
                ],
                [
                    -0.001543725491501391,
                    -0.00043579176417551935,
                    -0.9999988079071045,
                    -0.07446371018886566
                ],
                [
                    0.0,
                    0.0,
                    0.0,
                    1.0
                ]
            ],
            "monst3r_im_id": 40
        },
        {
            "transform_matrix": [
                [
                    0.9999979734420776,
                    -0.0010107988491654396,
                    -0.0017377783078700304,
                    0.003857066622003913
                ],
                [
                    -0.0010098768398165703,
                    -0.9999994039535522,
                    0.0005313261062838137,
                    0.004676437471061945
                ],
                [
                    -0.0017383142840117216,
                    -0.0005295700975693762,
                    -0.9999983310699463,
                    -0.07201942801475525
                ],
                [
                    0.0,
                    0.0,
                    0.0,
                    1.0
                ]
            ],
            "monst3r_im_id": 41
        },
        {
            "transform_matrix": [
                [
                    0.9999979138374329,
                    -0.0011686028447002172,
                    -0.001664047478698194,
                    0.0036644977517426014
                ],
                [
                    -0.0011677329894155264,
                    -0.9999992847442627,
                    0.0005235943244770169,
                    0.004496550187468529
                ],
                [
                    -0.0016646579606458545,
                    -0.0005216500721871853,
                    -0.9999985694885254,
                    -0.0695536807179451
                ],
                [
                    0.0,
                    0.0,
                    0.0,
                    1.0
                ]
            ],
            "monst3r_im_id": 42
        },
        {
            "transform_matrix": [
                [
                    0.9999977946281433,
                    -0.0011184605536982417,
                    -0.0017878011567518115,
                    0.0034773957449942827
                ],
                [
                    -0.0011174603132531047,
                    -0.9999991655349731,
                    0.0005603984463959932,
                    0.0043192096054553986
                ],
                [
                    -0.0017884265398606658,
                    -0.0005583993624895811,
                    -0.9999982118606567,
                    -0.06707794219255447
                ],
                [
                    0.0,
                    0.0,
                    0.0,
                    1.0
                ]
            ],
            "monst3r_im_id": 43
        },
        {
            "transform_matrix": [
                [
                    0.9999979138374329,
                    -0.0010082536609843373,
                    -0.0017849422292783856,
                    0.003299284726381302
                ],
                [
                    -0.0010069444542750716,
                    -0.9999994039535522,
                    0.0007342775934375823,
                    0.004147667903453112
                ],
                [
                    -0.001785681233741343,
                    -0.0007324787438847125,
                    -0.9999983310699463,
                    -0.06459727138280869
                ],
                [
                    0.0,
                    0.0,
                    0.0,
                    1.0
                ]
            ],
            "monst3r_im_id": 44
        },
        {
            "transform_matrix": [
                [
                    0.9999980926513672,
                    -0.0009322534897364676,
                    -0.001716552535071969,
                    0.003125646384432912
                ],
                [
                    -0.0009309374145232141,
                    -0.9999992847442627,
                    0.0007673655054531991,
                    0.003986896015703678
                ],
                [
                    -0.0017172666266560555,
                    -0.0007657660753466189,
                    -0.9999983310699463,
                    -0.0621156245470047
                ],
                [
                    0.0,
                    0.0,
                    0.0,
                    1.0
                ]
            ],
            "monst3r_im_id": 45
        },
        {
            "transform_matrix": [
                [
                    0.9999980330467224,
                    -0.0009392053470946848,
                    -0.001743842731229961,
                    0.0029530541505664587
                ],
                [
                    -0.0009378840331919491,
                    -0.9999994039535522,
                    0.0007583759725093842,
                    0.00383883249014616
                ],
                [
                    -0.0017445537960156798,
                    -0.0007567389402538538,
                    -0.9999983310699463,
                    -0.05963468551635742
                ],
                [
                    0.0,
                    0.0,
                    0.0,
                    1.0
                ]
            ],
            "monst3r_im_id": 46
        },
        {
            "transform_matrix": [
                [
                    0.9999979138374329,
                    -0.0009245363180525601,
                    -0.0018164118519052863,
                    0.0027806642465293407
                ],
                [
                    -0.0009229672723449767,
                    -0.9999992847442627,
                    0.0008644683402962983,
                    0.003702485468238592
                ],
                [
                    -0.0018172095296904445,
                    -0.0008627900970168412,
                    -0.9999980926513672,
