{
    "w": 512,
    "h": 288,
    "fl_x": 402.010071,
    "fl_y": 402.010071,
    "cx": 256.0,
    "cy": 144.0,
    "frames": [
        {
            "transform_matrix": [
                [
                    0.9817448258399963,
                    -0.05900483578443527,
                    0.1808190643787384,
                    0.06751871854066849
                ],
                [
                    -0.05534627288579941,
                    -0.9981487989425659,
                    -0.025216855108737946,
                    0.0013729219790548086
                ],
                [
                    0.18197223544120789,
                    0.01474885642528534,
                    -0.9831931591033936,
                    -0.07696592062711716
                ],
                [
                    0.0,
                    0.0,
                    0.0,
                    1.0
                ]
            ],
            "monst3r_im_id": 1
        },
        {
            "transform_matrix": [
                [
                    0.9817469716072083,
                    -0.058999285101890564,
                    0.18080906569957733,
                    0.06752781569957733
                ],
                [
                    -0.05534076690673828,
                    -0.9981491565704346,
                    -0.02521691843867302,
                    0.0013739359565079212
                ],
                [
                    0.18196217715740204,
                    0.014750521630048752,
                    -0.9831949472427368,
                    -0.07695082575082779
                ],
                [
                    0.0,
                    0.0,
                    0.0,
                    1.0
                ]
            ],
            "monst3r_im_id": 2
        },
        {
            "transform_matrix": [
                [
                    0.9817525744438171,
                    -0.058991752564907074,
                    0.18078118562698364,
                    0.06754127889871597
                ],
                [
                    -0.055334337055683136,
                    -0.9981493949890137,
                    -0.025212585926055908,
                    0.0013754551764577627
                ],
                [
                    0.18193399906158447,
                    0.014749115332961082,
                    -0.9832000732421875,
                    -0.07692815363407135
                ],
                [
                    0.0,
                    0.0,
                    0.0,
                    1.0
                ]
            ],
            "monst3r_im_id": 3
        },
        {
            "transform_matrix": [
                [
                    0.9817667007446289,
                    -0.0589793361723423,
                    0.18070869147777557,
                    0.06756564974784851
                ],
                [
                    -0.055325645953416824,
                    -0.9981503486633301,
                    -0.02519730105996132,
                    0.00137823645491153
                ],
                [
                    0.18186058104038239,
                    0.014740046113729477,
                    -0.9832139015197754,
                    -0.07688651978969574
                ],
                [
                    0.0,
                    0.0,
                    0.0,
                    1.0
                ]
            ],
            "monst3r_im_id": 4
        },
        {
            "transform_matrix": [
                [
                    0.981736421585083,
                    -0.058823004364967346,
                    0.18092378973960876,
                    0.06759470701217651
                ],
                [
                    -0.05513734370470047,
                    -0.998157262802124,
                    -0.025338120758533478,
                    0.0013806663919240236
                ],
                [
                    0.18208086490631104,
                    0.01489969901740551,
                    -0.983170747756958,
                    -0.07683707773685455
                ],
                [
                    0.0,
                    0.0,
                    0.0,
                    1.0
                ]
            ],
            "monst3r_im_id": 5
        },
        {
            "transform_matrix": [
                [
                    0.9816727042198181,
                    -0.05855879932641983,
                    0.18135467171669006,
                    0.06762727349996567
                ],
                [
                    -0.05481419712305069,
                    -0.9981684684753418,
                    -0.025595931336283684,
                    0.0013828326482325792
                ],
                [
                    0.18252137303352356,
                    0.015186017379164696,
                    -0.9830846786499023,
                    -0.07678177952766418
                ],
                [
                    0.0,
                    0.0,
                    0.0,
                    1.0
                ]
            ],
            "monst3r_im_id": 6
        },
        {
            "transform_matrix": [
                [
                    0.9813487529754639,
                    -0.05812085419893265,
                    0.18323908746242523,
                    0.06766075640916824
                ],
                [
                    -0.05432885140180588,
                    -0.998193621635437,
                    -0.025651253759860992,
                    0.0013831907417625189
                ],
                [
                    0.18439896404743195,
                    0.015217658132314682,
                    -0.9827337265014648,
                    -0.07672898471355438
                ],
                [
                    0.0,
                    0.0,
                    0.0,
                    1.0
                ]
            ],
            "monst3r_im_id": 7
        },
        {
            "transform_matrix": [
                [
                    0.9810318350791931,
                    -0.05770138278603554,
                    0.1850595623254776,
                    0.0676928162574768
                ],
                [
                    -0.053870368748903275,
                    -0.9982181787490845,
                    -0.025667451322078705,
                    0.0013829392846673727
                ],
                [
                    0.18621082603931427,
                    0.015211362391710281,
                    -0.9823921918869019,
                    -0.07667814940214157
                ],
                [
                    0.0,
                    0.0,
                    0.0,
                    1.0
                ]
            ],
            "monst3r_im_id": 8
        },
        {
            "transform_matrix": [
                [
                    0.981042206287384,
                    -0.05756685137748718,
                    0.18504653871059418,
                    0.0677153617143631
                ],
                [
                    -0.05373565852642059,
                    -0.9982255697250366,
                    -0.0256570465862751,
                    0.0013808391522616148
                ],
                [
                    0.18619517982006073,
                    0.01522704865783453,
                    -0.982394814491272,
                    -0.07663649320602417
                ],
                [
                    0.0,
                    0.0,
                    0.0,
                    1.0
                ]
            ],
            "monst3r_im_id": 9
        },
        {
            "transform_matrix": [
                [
                    0.9810429215431213,
                    -0.05735363811254501,
                    0.18510901927947998,
                    0.06773105263710022
                ],
                [
                    -0.05353739857673645,
                    -0.9982388019561768,
                    -0.02555326744914055,
                    0.001379345660097897
                ],
                [
                    0.1862485706806183,
                    0.015158597379922867,
                    -0.9823856353759766,
                    -0.07659947127103806
                ],
                [
                    0.0,
                    0.0,
                    0.0,
                    1.0
                ]
            ],
            "monst3r_im_id": 10
        },
        {
            "transform_matrix": [
                [
                    0.9810306429862976,
                    -0.05703550577163696,
                    0.18527217209339142,
                    0.06773757934570312
                ],
                [
                    -0.05325444042682648,
                    -0.9982596635818481,
                    -0.02532496675848961,
                    0.0013786611380055547
                ],
                [
                    0.18639416992664337,
                    0.01497800461947918,
                    -0.9823607206344604,
                    -0.07656864076852798
                ],
                [
                    0.0,
                    0.0,
                    0.0,
                    1.0
                ]
            ],
            "monst3r_im_id": 11
        },
        {
            "transform_matrix": [
                [
                    0.9810801148414612,
                    -0.05694614350795746,
                    0.18503758311271667,
                    0.06773572415113449
                ],
                [
                    -0.053156688809394836,
                    -0.9982635974884033,
                    -0.025380205363035202,
                    0.0013794098049402237
                ],
                [
                    0.1861615777015686,
                    0.01506403274834156,
                    -0.9824036359786987,
                    -0.07654131948947906
                ],
                [
                    0.0,
                    0.0,
                    0.0,
                    1.0
                ]
            ],
            "monst3r_im_id": 12
        },
        {
            "transform_matrix": [
                [
                    0.981154203414917,
                    -0.0569482147693634,
                    0.18464384973049164,
                    0.06773050874471664
                ],
                [
                    -0.0531330481171608,
                    -0.998260498046875,
                    -0.025548871606588364,
                    0.0013807318173348904
                ],
                [
                    0.18577764928340912,
                    0.015256690792739391,
                    -0.9824733734130859,
                    -0.07651539891958237
                ],
                [
                    0.0,
                    0.0,
                    0.0,
                    1.0
                ]
            ],
            "monst3r_im_id": 13
        },
        {
            "transform_matrix": [
                [
                    0.9812154173851013,
                    -0.056767936795949936,
                    0.18437395989894867,
                    0.06771702319383621
                ],
                [
                    -0.052913036197423935,
                    -0.9982665777206421,
                    -0.025765322148799896,
                    0.0013819478917866945
                ],
                [
                    0.18551702797412872,
                    0.015525544993579388,
                    -0.9825183153152466,
                    -0.07648757845163345
                ],
                [
                    0.0,
                    0.0,
                    0.0,
                    1.0
                ]
            ],
            "monst3r_im_id": 14
        },
        {
            "transform_matrix": [
                [
                    0.9812739491462708,
                    -0.056529365479946136,
                    0.18413545191287994,
                    0.06770224124193192
                ],
                [
                    -0.0526447594165802,
                    -0.9982767105102539,
                    -0.025921285152435303,
                    0.0013829711824655533
                ],
                [
                    0.18528346717357635,
                    0.015742113813757896,
                    -0.9825588464736938,
                    -0.07645940780639648
                ],
                [
                    0.0,
                    0.0,
                    0.0,
                    1.0
                ]
            ],
            "monst3r_im_id": 15
        },
        {
            "transform_matrix": [
                [
                    0.9813259840011597,
                    -0.0561453253030777,
                    0.1839754581451416,
                    0.06768421828746796
                ],
                [
                    -0.05225580930709839,
                    -0.9982972145080566,
                    -0.025925908237695694,
                    0.001383512862958014
                ],
                [
                    0.18511778116226196,
                    0.015827979892492294,
                    -0.9825888872146606,
                    -0.07643036544322968
                ],
                [
                    0.0,
                    0.0,
                    0.0,
                    1.0
                ]
            ],
            "monst3r_im_id": 16
        },
        {
            "transform_matrix": [
                [
                    0.9814243912696838,
                    -0.05585009604692459,
                    0.18354013562202454,
                    0.06766524910926819
                ],
                [
                    -0.05199526995420456,
                    -0.9983150959014893,
                    -0.025752294808626175,
                    0.0013827921357005835
                ],
                [
                    0.18466919660568237,
                    0.015730710700154305,
                    -0.9826747179031372,
                    -0.07640599459409714
                ],
                [
                    0.0,
                    0.0,
                    0.0,
                    1.0
                ]
            ],
            "monst3r_im_id": 17
        },
        {
            "transform_matrix": [
                [
                    0.9815571904182434,
                    -0.05562159791588783,
                    0.18289817869663239,
                    0.06764555722475052
                ],
                [
                    -0.05183085426688194,
                    -0.9983317852020264,
                    -0.02544504590332508,
                    0.0013811246026307344
                ],
                [
                    0.18400834500789642,
                    0.015495998784899712,
                    -0.9828026294708252,
                    -0.07638512551784515
                ],
                [
                    0.0,
                    0.0,
                    0.0,
                    1.0
                ]
            ],
            "monst3r_im_id": 18
        },
        {
            "transform_matrix": [
                [
                    0.9816227555274963,
                    -0.05557810515165329,
                    0.18255910277366638,
                    0.0676284208893776
                ],
                [
                    -0.05183543264865875,
                    -0.9983372688293457,
                    -0.025212975218892097,
                    0.0013753646053373814
                ],
                [
                    0.18365684151649475,
                    0.015286600217223167,
                    -0.9828715324401855,
                    -0.07637560367584229
                ],
                [
                    0.0,
                    0.0,
                    0.0,
                    1.0
                ]
            ],
            "monst3r_im_id": 19
        },
        {
            "transform_matrix": [
                [
                    0.9816782474517822,
                    -0.05555747449398041,
                    0.18226666748523712,
                    0.06761277467012405
                ],
                [
                    -0.0518588125705719,
                    -0.99834144115448,
                    -0.0249999538064003,
                    0.0013685168232768774
                ],
                [
                    0.18335328996181488,
                    0.015089779160916805,
                    -0.9829312562942505,
                    -0.076369509100914
                ],
                [
                    0.0,
                    0.0,
                    0.0,
                    1.0
                ]
            ],
            "monst3r_im_id": 20
        },
        {
            "transform_matrix": [
                [
                    0.9817407131195068,
                    -0.055488746613264084,
                    0.18195106089115143,
                    0.06760357320308685
                ],
                [
                    -0.051826197654008865,
                    -0.9983476400375366,
                    -0.024826236069202423,
                    0.0013592347968369722
                ],
                [
                    0.1830279678106308,
                    0.014943093061447144,
                    -0.9829941987991333,
                    -0.07637270539999008
                ],
                [
                    0.0,
                    0.0,
                    0.0,
                    1.0
                ]
            ],
            "monst3r_im_id": 21
        },
        {
            "transform_matrix": [
                [
                    0.9818060994148254,
                    -0.05533626675605774,
                    0.18164432048797607,
                    0.06759686022996902
                ],
                [
                    -0.05169788748025894,
                    -0.9983569383621216,
                    -0.024707920849323273,
                    0.001350642298348248
                ],
                [
                    0.18271315097808838,
                    0.014867761172354221,
                    -0.9830536842346191,
                    -0.07638126611709595
                ],
                [
                    0.0,
                    0.0,
                    0.0,
                    1.0
                ]
            ],
            "monst3r_im_id": 22
        },
        {
            "transform_matrix": [
                [
                    0.981875479221344,
                    -0.055072084069252014,
                    0.18134939670562744,
                    0.06759346276521683
                ],
                [
                    -0.051442041993141174,
                    -0.9983714818954468,
                    -0.024663511663675308,
                    0.001342969248071313
                ],
                [
                    0.18241232633590698,
                    0.014887516386806965,
                    -0.9831094741821289,
                    -0.07639697939157486
                ],
                [
                    0.0,
                    0.0,
                    0.0,
                    1.0
                ]
            ],
            "monst3r_im_id": 23
        },
        {
            "transform_matrix": [
                [
                    0.98195481300354,
                    -0.05487014725804329,
                    0.18098072707653046,
                    0.06759180873632431
                ],
                [
                    -0.051266711205244064,
                    -0.998383641242981,
                    -0.024532228708267212,
                    0.001341231050901115
                ],
                [
                    0.18203429877758026,
                    0.014811254106462002,
                    -0.9831806421279907,
                    -0.0764223039150238
                ],
                [
                    0.0,
                    0.0,
                    0.0,
                    1.0
                ]
            ],
            "monst3r_im_id": 24
        },
        {
            "transform_matrix": [
                [
                    0.9820379614830017,
                    -0.05469311773777008,
                    0.18058252334594727,
                    0.0675908550620079
                ],
                [
                    -0.05112350732088089,
                    -0.9983950853347778,
                    -0.024366213008761406,
                    0.00134186667855829
                ],
                [
                    0.1816253662109375,
                    0.014696534723043442,
                    -0.9832580089569092,
                    -0.07645148038864136
                ],
                [
                    0.0,
                    0.0,
                    0.0,
                    1.0
                ]
            ],
            "monst3r_im_id": 25
        },
        {
            "transform_matrix": [
                [
                    0.9820817708969116,
                    -0.05456971749663353,
                    0.18038181960582733,
                    0.06757688522338867
                ],
                [
                    -0.051014501601457596,
                    -0.9984025955200195,
                    -0.024293623864650726,
                    0.0013558820355683565
                ],
                [
                    0.18141932785511017,
                    0.01465623825788498,
                    -0.9832967519760132,
                    -0.07648493349552155
                ],
                [
                    0.0,
                    0.0,
                    0.0,
                    1.0
                ]
            ],
            "monst3r_im_id": 26
        },
        {
            "transform_matrix": [
                [
                    0.9821487665176392,
                    -0.054330796003341675,
                    0.18008889257907867,
                    0.06755080819129944
                ],
                [
                    -0.05078546702861786,
                    -0.9984153509140015,
                    -0.02424256131052971,
                    0.0013732691295444965
                ],
                [
                    0.1811206191778183,
                    0.01466390211135149,
                    -0.9833515882492065,
                    -0.07651310414075851
                ],
                [
                    0.0,
                    0.0,
                    0.0,
                    1.0
                ]
            ],
            "monst3r_im_id": 27
        },
        {
            "transform_matrix": [
                [
                    0.9822736382484436,
                    -0.0538029782474041,
                    0.17956551909446716,
                    0.0674944519996643
                ],
                [
                    -0.05025637522339821,
                    -0.9984420537948608,
                    -0.024245431646704674,
                    0.0013990848092362285
                ],
                [
                    0.18059024214744568,
                    0.0147913359105587,
                    -0.9834471940994263,
                    -0.07652803510427475
                ],
                [
                    0.0,
                    0.0,
                    0.0,
                    1.0
                ]
            ],
            "monst3r_im_id": 28
        },
        {
            "transform_matrix": [
                [
                    0.9825376868247986,
                    -0.05307469144463539,
                    0.1783333718776703,
                    0.06738975644111633
                ],
                [
                    -0.04955006763339043,
                    -0.9984792470932007,
                    -0.024163559079170227,
                    0.0014285566285252571
                ],
                [
                    0.17934465408325195,
                    0.014905177056789398,
                    -0.9836733341217041,
                    -0.0765020027756691
                ],
                [
                    0.0,
                    0.0,
                    0.0,
                    1.0
                ]
            ],
            "monst3r_im_id": 29
        },
        {
            "transform_matrix": [
                [
                    0.9829033017158508,
                    -0.05219593644142151,
                    0.17656908929347992,
                    0.06724878400564194
                ],
                [
                    -0.0487106516957283,
                    -0.9985239505767822,
                    -0.024019157513976097,
                    0.0014607703778892756
                ],
                [
                    0.1775621920824051,
                    0.015007713809609413,
                    -0.9839950799942017,
                    -0.07644524425268173
                ],
                [
                    0.0,
                    0.0,
                    0.0,
                    1.0
                ]
            ],
            "monst3r_im_id": 30
        },
        {
            "transform_matrix": [
                [
                    0.9832865595817566,
                    -0.05143314599990845,
                    0.17464883625507355,
                    0.06698352098464966
                ],
                [
                    -0.048064738512039185,
                    -0.9985686540603638,
                    -0.02346489019691944,
                    0.001494361786171794
                ],
                [
                    0.17560569941997528,
                    0.014678262174129486,
                    -0.9843511581420898,
                    -0.07625101506710052
                ],
                [
                    0.0,
                    0.0,
                    0.0,
                    1.0
                ]
            ],
            "monst3r_im_id": 31
        },
        {
            "transform_matrix": [
                [
                    0.9836187958717346,
                    -0.05076973885297775,
                    0.17296375334262848,
                    0.06666514277458191
                ],
                [
                    -0.04750703275203705,
                    -0.9986071586608887,
                    -0.022953994572162628,
                    0.0015275634359568357
                ],
                [
                    0.1738881915807724,
                    0.014360986649990082,
                    -0.9846607446670532,
                    -0.07599544525146484
                ],
                [
                    0.0,
                    0.0,
                    0.0,
                    1.0
                ]
            ],
            "monst3r_im_id": 32
        },
        {
            "transform_matrix": [
                [
                    0.9836481809616089,
                    -0.05058267340064049,
                    0.1728515625,
                    0.06615228205919266
                ],
                [
                    -0.04729161038994789,
                    -0.9986139535903931,
                    -0.02310795523226261,
                    0.00155705027282238
                ],
                [
                    0.17378082871437073,
                    0.014555668458342552,
                    -0.9846768379211426,
                    -0.07550928741693497
                ],
                [
                    0.0,
                    0.0,
                    0.0,
                    1.0
                ]
            ],
            "monst3r_im_id": 33
        },
        {
            "transform_matrix": [
                [
                    0.9837920069694519,
                    -0.050224341452121735,
                    0.17213603854179382,
                    0.06551747024059296
                ],
                [
                    -0.0469684898853302,
                    -0.9986329078674316,
                    -0.022937992587685585,
                    0.001583196222782135
                ],
                [
                    0.17305275797843933,
                    0.014481240883469582,
                    -0.9848060607910156,
                    -0.07487759739160538
                ],
                [
                    0.0,
                    0.0,
                    0.0,
                    1.0
                ]
            ],
            "monst3r_im_id": 34
        },
        {
            "transform_matrix": [
                [
                    0.9840865731239319,
                    -0.049638230353593826,
                    0.17061559855937958,
                    0.06472005695104599
                ],
                [
                    -0.046501148492097855,
                    -0.9986685514450073,
                    -0.02233666181564331,
                    0.0016048881225287914
                ],
                [
                    0.17149718105793,
                    0.01404738798737526,
                    -0.9850845336914062,
                    -0.0740518644452095
                ],
                [
                    0.0,
                    0.0,
                    0.0,
                    1.0
                ]
            ],
            "monst3r_im_id": 35
        },
        {
            "transform_matrix": [
                [
                    0.9843294620513916,
                    -0.04948616772890091,
                    0.16925302147865295,
                    0.06374456733465195
                ],
                [
                    -0.046350400894880295,
                    -0.9986732006072998,
                    -0.022430647164583206,
                    0.0016214944189414382
                ],
                [
                    0.17013847827911377,
                    0.014234200119972229,
                    -0.9853172302246094,
                    -0.07300855219364166
                ],
                [
                    0.0,
                    0.0,
                    0.0,
                    1.0
                ]
            ],
            "monst3r_im_id": 36
        },
        {
            "transform_matrix": [
                [
                    0.9845510125160217,
                    -0.04950704425573349,
                    0.1679535061120987,
                    0.06269784271717072
                ],
                [
                    -0.04632694274187088,
                    -0.9986660480499268,
                    -0.022802557796239853,
                    0.0016360664740204811
                ],
                [
                    0.1688583642244339,
                    0.0146695077419281,
                    -0.985531210899353,
                    -0.07187820225954056
                ],
                [
                    0.0,
                    0.0,
                    0.0,
                    1.0
                ]
            ],
            "monst3r_im_id": 37
        },
        {
            "transform_matrix": [
                [
                    0.9850881099700928,
                    -0.04943651333451271,
                    0.16479530930519104,
                    0.061499230563640594
                ],
                [
                    -0.04647465795278549,
                    -0.9986817836761475,
                    -0.021782925352454185,
                    0.001641211798414588
                ],
                [
                    0.1656549572944641,
                    0.013799292966723442,
                    -0.9860870838165283,
                    -0.07054626941680908
                ],
                [
                    0.0,
                    0.0,
                    0.0,
                    1.0
                ]
            ],
            "monst3r_im_id": 38
        },
        {
            "transform_matrix": [
                [
                    0.9855595231056213,
                    -0.04941690340638161,
                    0.16195785999298096,
                    0.06028692424297333
                ],
                [
                    -0.04663785174489021,
                    -0.9986927509307861,
                    -0.020918559283018112,
                    0.001644717063754797
                ],
                [
                    0.16277986764907837,
                    0.013063120655715466,
                    -0.9865758419036865,
                    -0.06918562948703766
                ],
                [
                    0.0,
                    0.0,
                    0.0,
                    1.0
                ]
            ],
            "monst3r_im_id": 39
        },
        {
            "transform_matrix": [
                [
                    0.9858860969543457,
                    -0.049519166350364685,
                    0.15992648899555206,
                    0.0590403750538826
                ],
                [
                    -0.0468461848795414,
                    -0.9986928701400757,
                    -0.02044340781867504,
                    0.0016441222978755832
                ],
                [
                    0.16072978079319,
                    0.012662925757467747,
                    -0.9869171380996704,
                    -0.06775321066379547
                ],
                [
                    0.0,
                    0.0,
                    0.0,
                    1.0
                ]
            ],
            "monst3r_im_id": 40
        },
        {
            "transform_matrix": [
                [
                    0.9861432313919067,
                    -0.049553003162145615,
                    0.15832246840000153,
                    0.05779922008514404
                ],
                [
                    -0.04691699519753456,
                    -0.9986915588378906,
                    -0.020346350967884064,
                    0.0016420914325863123
                ],
                [
                    0.1591235250234604,
                    0.012636400759220123,
                    -0.9871777296066284,
                    -0.06629987061023712
                ],
                [
                    0.0,
                    0.0,
                    0.0,
                    1.0
                ]
            ],
            "monst3r_im_id": 41
        },
        {
            "transform_matrix": [
                [
                    0.9863492846488953,
                    -0.04953479394316673,
                    0.1570393145084381,
                    0.05656211078166962
                ],
                [
                    -0.04688536748290062,
                    -0.9986891746520996,
                    -0.02053314819931984,
                    0.0016389836091548204
                ],
                [
                    0.15785056352615356,
                    0.012890011072158813,
                    -0.9873788356781006,
                    -0.06483084708452225
                ],
                [
                    0.0,
                    0.0,
                    0.0,
                    1.0
                ]
            ],
            "monst3r_im_id": 42
        },
        {
            "transform_matrix": [
                [
                    0.9864180088043213,
                    -0.049444571137428284,
                    0.15663576126098633,
                    0.05534159764647484
                ],
                [
                    -0.04679913818836212,
                    -0.9986932277679443,
                    -0.02053455263376236,
                    0.0016318653943017125
                ],
                [
                    0.15744638442993164,
                    0.012925233691930771,
                    -0.9874429702758789,
                    -0.06335783004760742
                ],
                [
                    0.0,
                    0.0,
                    0.0,
                    1.0
                ]
            ],
            "monst3r_im_id": 43
        },
        {
            "transform_matrix": [
                [
                    0.9864662885665894,
                    -0.04936479404568672,
                    0.15635651350021362,
                    0.054125621914863586
                ],
                [
                    -0.04672760143876076,
                    -0.9986974000930786,
                    -0.02049984782934189,
                    0.0016231827903538942
                ],
                [
                    0.1571648120880127,
                    0.012916244566440582,
                    -0.9874880313873291,
                    -0.06188717111945152
                ],
                [
                    0.0,
                    0.0,
                    0.0,
                    1.0
                ]
            ],
            "monst3r_im_id": 44
        },
        {
            "transform_matrix": [
                [
                    0.9865289330482483,
                    -0.04941944032907486,
                    0.15594346821308136,
                    0.05292022228240967
                ],
                [
                    -0.046798884868621826,
                    -0.9986953735351562,
                    -0.02043372578918934,
                    0.001609122846275568
                ],
                [
                    0.15674982964992523,
                    0.012860482558608055,
                    -0.987554669380188,
                    -0.06043459475040436
                ],
                [
                    0.0,
                    0.0,
                    0.0,
                    1.0
                ]
            ],
            "monst3r_im_id": 45
        },
        {
            "transform_matrix": [
                [
                    0.9867025017738342,
                    -0.049493756145238876,
                    0.15481780469417572,
                    0.05171418935060501
                ],
                [
                    -0.04689125344157219,
                    -0.9986913204193115,
                    -0.02041926048696041,
                    0.0015937010757625103
                ],
                [
                    0.15562580525875092,
                    0.012888135388493538,
                    -0.9877320528030396,
                    -0.05899979546666145
                ],
                [
                    0.0,
                    0.0,
                    0.0,
                    1.0
                ]
            ],
            "monst3r_im_id": 46
        },
        {
            "transform_matrix": [
                [
                    0.9870210289955139,
                    -0.049594052135944366,
                    0.1527414470911026,
                    0.05050729960203171
                ],
                [
                    -0.04701182246208191,
                    -0.9986844062805176,
                    -0.020473511889576912,
                    0.0015764632262289524
                ],
                [
                    0.15355588495731354,
                    0.013027132488787174,
                    -0.9880540370941162,
                    -0.057588666677474976
                ],
                [
                    0.0,
                    0.0,
                    0.0,
                    1.0
                ]
            ],
            "monst3r_im_id": 47
        },
        {
            "transform_matrix": [
                [
                    0.9875248074531555,
                    -0.049771737307310104,
                    0.14939042925834656,
                    0.04929641634225845
                ],
                [
