{
    "w": 512,
    "h": 208,
    "fl_x": 642.345337,
    "fl_y": 642.345337,
    "cx": 256.0,
    "cy": 104.0,
    "frames": [
        {
            "transform_matrix": [
                [
                    0.9956070184707642,
                    0.006491388659924269,
                    0.09340497106313705,
                    0.023155368864536285
                ],
                [
                    0.00366189144551754,
                    -0.9995301961898804,
                    0.030432365834712982,
                    -0.00029215533868409693
                ],
                [
                    0.09355863183736801,
                    -0.0299566388130188,
                    -0.995163083076477,
                    0.22575442492961884
                ],
                [
                    0.0,
                    0.0,
                    0.0,
                    1.0
                ]
            ],
            "monst3r_im_id": 1
        },
        {
            "transform_matrix": [
                [
                    0.9954957962036133,
                    0.006514257285743952,
                    0.0945814847946167,
                    0.02350740134716034
                ],
                [
                    0.003639806993305683,
                    -0.9995272159576416,
                    0.030532030388712883,
                    -0.0005170083604753017
                ],
                [
                    0.09473565220832825,
                    -0.0300502497702837,
                    -0.9950487613677979,
                    0.22615668177604675
                ],
                [
                    0.0,
                    0.0,
                    0.0,
                    1.0
                ]
            ],
            "monst3r_im_id": 2
        },
        {
            "transform_matrix": [
                [
                    0.9953954219818115,
                    0.006588338874280453,
                    0.095627062022686,
                    0.024224016815423965
                ],
                [
                    0.0036552916280925274,
                    -0.9995185136795044,
                    0.030814558267593384,
                    -0.0009490285301581025
                ],
                [
                    0.095784030854702,
                    -0.030323125422000885,
                    -0.9949401617050171,
                    0.2269195020198822
                ],
                [
                    0.0,
                    0.0,
                    0.0,
                    1.0
                ]
            ],
            "monst3r_im_id": 3
        },
        {
            "transform_matrix": [
                [
                    0.9952941536903381,
                    0.006667103618383408,
                    0.09667009860277176,
                    0.025258567184209824
                ],
                [
                    0.003663518698886037,
                    -0.999505877494812,
                    0.03121473267674446,
                    -0.0015359153039753437
                ],
                [
                    0.09683044999837875,
                    -0.03071368858218193,
                    -0.9948267936706543,
                    0.22795632481575012
                ],
                [
                    0.0,
                    0.0,
                    0.0,
                    1.0
                ]
            ],
            "monst3r_im_id": 4
        },
        {
            "transform_matrix": [
                [
                    0.9951769113540649,
                    0.006693643052130938,
                    0.09786785393953323,
                    0.026575736701488495
                ],
                [
                    0.003609105944633484,
                    -0.9994920492172241,
                    0.031660497188568115,
                    -0.002224158961325884
                ],
                [
                    0.09803008288145065,
                    -0.031154580414295197,
                    -0.9946956634521484,
                    0.2291797399520874
                ],
                [
                    0.0,
                    0.0,
                    0.0,
                    1.0
                ]
            ],
            "monst3r_im_id": 5
        },
        {
            "transform_matrix": [
                [
                    0.9949614405632019,
                    0.007177589926868677,
                    0.10000098496675491,
                    0.02818915620446205
                ],
                [
                    0.00394519604742527,
                    -0.9994645118713379,
                    0.032483965158462524,
                    -0.002944710198789835
                ],
                [
                    0.10018058866262436,
                    -0.03192576766014099,
                    -0.9944570064544678,
                    0.2304932177066803
                ],
                [
                    0.0,
                    0.0,
                    0.0,
                    1.0
                ]
            ],
            "monst3r_im_id": 6
        },
        {
            "transform_matrix": [
                [
                    0.9946435689926147,
                    0.008032023906707764,
                    0.10305169969797134,
                    0.029964961111545563
                ],
                [
                    0.004578630905598402,
                    -0.9994214773178101,
                    0.033704161643981934,
                    -0.0036616199649870396
                ],
                [
                    0.10326278954744339,
                    -0.03305178880691528,
                    -0.9941048622131348,
                    0.23181872069835663
                ],
                [
                    0.0,
                    0.0,
                    0.0,
                    1.0
                ]
            ],
            "monst3r_im_id": 7
        },
        {
            "transform_matrix": [
                [
                    0.9942588806152344,
                    0.00910242274403572,
                    0.1066134124994278,
                    0.031888194382190704
                ],
                [
                    0.005377321504056454,
                    -0.9993666410446167,
                    0.035175763070583344,
                    -0.004373626317828894
                ],
                [
                    0.10686607658863068,
                    -0.03440052270889282,
                    -0.9936782121658325,
                    0.23314988613128662
                ],
                [
                    0.0,
                    0.0,
                    0.0,
                    1.0
                ]
            ],
            "monst3r_im_id": 8
        },
        {
            "transform_matrix": [
                [
                    0.9938777685165405,
                    0.01013890653848648,
                    0.11001880466938019,
                    0.033958401530981064
                ],
                [
                    0.006136106327176094,
                    -0.9993088245391846,
                    0.036660630255937576,
                    -0.005081165581941605
                ],
                [
                    0.11031447350978851,
                    -0.03576109930872917,
                    -0.9932531118392944,
                    0.23448273539543152
                ],
                [
                    0.0,
                    0.0,
                    0.0,
                    1.0
                ]
            ],
            "monst3r_im_id": 9
        },
        {
            "transform_matrix": [
                [
                    0.9934228658676147,
                    0.011273509822785854,
                    0.11394719779491425,
                    0.036196351051330566
                ],
                [
                    0.006924222223460674,
                    -0.9992347955703735,
                    0.03849329799413681,
                    -0.005794386379420757
                ],
                [
                    0.11429396271705627,
                    -0.0374511256814003,
                    -0.9927407503128052,
                    0.23583802580833435
                ],
                [
                    0.0,
                    0.0,
                    0.0,
                    1.0
                ]
            ],
            "monst3r_im_id": 10
        },
        {
            "transform_matrix": [
                [
                    0.992955207824707,
                    0.012387143447995186,
                    0.1178411990404129,
                    0.03855353221297264
                ],
                [
                    0.007686716970056295,
                    -0.9991598129272461,
                    0.04025900736451149,
                    -0.006515875458717346
                ],
                [
                    0.11824087798595428,
                    -0.039069581776857376,
                    -0.9922161102294922,
                    0.2372211217880249
                ],
                [
                    0.0,
                    0.0,
                    0.0,
                    1.0
                ]
            ],
            "monst3r_im_id": 11
        },
        {
            "transform_matrix": [
                [
                    0.9924477934837341,
                    0.013560379855334759,
                    0.12191586196422577,
                    0.041033316403627396
                ],
                [
                    0.008487281389534473,
                    -0.9990800619125366,
                    0.04203491285443306,
                    -0.007244325242936611
                ],
                [
                    0.12237371504306793,
                    -0.04068272188305855,
                    -0.991649866104126,
                    0.23863928020000458
                ],
                [
                    0.0,
                    0.0,
                    0.0,
                    1.0
                ]
            ],
            "monst3r_im_id": 12
        },
        {
            "transform_matrix": [
                [
                    0.9918010830879211,
                    0.015045280568301678,
                    0.12690237164497375,
                    0.04366975650191307
                ],
                [
                    0.009506192058324814,
                    -0.9989800453186035,
                    0.044141680002212524,
                    -0.007976273074746132
                ],
                [
                    0.1274370551109314,
                    -0.04257340729236603,
                    -0.9909325838088989,
                    0.24011294543743134
                ],
                [
                    0.0,
                    0.0,
                    0.0,
                    1.0
                ]
            ],
            "monst3r_im_id": 13
        },
        {
            "transform_matrix": [
                [
                    0.9911295175552368,
                    0.01654982380568981,
                    0.1318650096654892,
                    0.046477630734443665
                ],
                [
                    0.010542293079197407,
                    -0.9988800287246704,
                    0.046126801520586014,
                    -0.00869549997150898
                ],
                [
                    0.1324806958436966,
                    -0.044327471405267715,
                    -0.9901938438415527,
                    0.24165567755699158
                ],
                [
                    0.0,
                    0.0,
                    0.0,
                    1.0
                ]
            ],
            "monst3r_im_id": 14
        },
        {
            "transform_matrix": [
                [
                    0.9903170466423035,
                    0.01829393021762371,
                    0.13761363923549652,
                    0.04940939322113991
                ],
                [
                    0.011699552647769451,
                    -0.9987510442733765,
                    0.048576679080724716,
                    -0.009397096931934357
                ],
                [
                    0.13833041489124298,
                    -0.04649629816412926,
                    -0.989294171333313,
                    0.243251770734787
                ],
                [
                    0.0,
                    0.0,
                    0.0,
                    1.0
                ]
            ],
            "monst3r_im_id": 15
        },
        {
            "transform_matrix": [
                [
                    0.989363431930542,
                    0.020191755145788193,
                    0.1440565288066864,
                    0.05245617777109146
                ],
                [
                    0.012881200760602951,
                    -0.9985898733139038,
                    0.05150126293301582,
                    -0.010078071616590023
                ],
                [
                    0.14489328861236572,
                    -0.04909784719347954,
                    -0.988228440284729,
                    0.2448994517326355
                ],
                [
                    0.0,
                    0.0,
                    0.0,
                    1.0
                ]
            ],
            "monst3r_im_id": 16
        },
        {
            "transform_matrix": [
                [
                    0.9884017705917358,
                    0.021734215319156647,
                    0.1502981036901474,
                    0.05562231317162514
                ],
                [
                    0.01366305723786354,
                    -0.9984190464019775,
                    0.054526716470718384,
                    -0.010729466564953327
                ],
                [
                    0.15124554932117462,
                    -0.05184077471494675,
                    -0.9871361255645752,
                    0.24660542607307434
                ],
                [
                    0.0,
                    0.0,
                    0.0,
                    1.0
                ]
            ],
            "monst3r_im_id": 17
        },
        {
            "transform_matrix": [
                [
                    0.9873467087745667,
                    0.023438218981027603,
                    0.15683457255363464,
                    0.05886375904083252
                ],
                [
                    0.014475490897893906,
                    -0.9982088804244995,
                    0.05804785341024399,
                    -0.011351272463798523
                ],
                [
                    0.1579141914844513,
                    -0.05504310131072998,
                    -0.9859175682067871,
                    0.24835920333862305
                ],
                [
                    0.0,
                    0.0,
                    0.0,
                    1.0
                ]
            ],
            "monst3r_im_id": 18
        },
        {
            "transform_matrix": [
                [
                    0.9862231016159058,
                    0.025169987231492996,
                    0.1634945422410965,
                    0.06214112788438797
                ],
                [
                    0.015231684781610966,
                    -0.9979748725891113,
                    0.06175848841667175,
                    -0.011955317109823227
                ],
                [
                    0.164717897772789,
                    -0.05841735005378723,
                    -0.9846092462539673,
                    0.2501491904258728
                ],
                [
                    0.0,
                    0.0,
                    0.0,
                    1.0
                ]
            ],
            "monst3r_im_id": 19
        },
        {
            "transform_matrix": [
                [
                    0.9850417971611023,
                    0.026894958689808846,
                    0.17020389437675476,
                    0.06544065475463867
                ],
                [
                    0.01591690443456173,
                    -0.9977231025695801,
                    0.06553849577903748,
                    -0.012546715326607227
                ],
                [
                    0.1715790033340454,
                    -0.06184903904795647,
                    -0.983227014541626,
                    0.25197458267211914
                ],
                [
                    0.0,
                    0.0,
                    0.0,
                    1.0
                ]
            ],
            "monst3r_im_id": 20
        },
        {
            "transform_matrix": [
                [
                    0.983830988407135,
                    0.028632041066884995,
                    0.17679592967033386,
                    0.06874319911003113
                ],
                [
                    0.016598382964730263,
                    -0.9974665641784668,
                    0.06917297095060349,
                    -0.01313791424036026
                ],
                [
                    0.17832860350608826,
                    -0.06511998921632767,
                    -0.9818137884140015,
                    0.2538466155529022
                ],
                [
                    0.0,
                    0.0,
                    0.0,
                    1.0
                ]
            ],
            "monst3r_im_id": 21
        },
        {
            "transform_matrix": [
                [
                    0.9825128316879272,
                    0.030375661328434944,
                    0.1837003231048584,
                    0.07202690839767456
                ],
                [
                    0.01718362607061863,
                    -0.9971851110458374,
                    0.07298313826322556,
                    -0.013747664168477058
                ],
                [
                    0.185400128364563,
                    -0.0685502365231514,
                    -0.980269193649292,
                    0.255756676197052
                ],
                [
                    0.0,
                    0.0,
                    0.0,
                    1.0
                ]
            ],
            "monst3r_im_id": 22
        },
        {
            "transform_matrix": [
                [
                    0.9811103940010071,
                    0.032095618546009064,
                    0.19076760113239288,
                    0.07527373731136322
                ],
                [
                    0.01765269786119461,
                    -0.996880054473877,
                    0.07693254202604294,
                    -0.014380977489054203
                ],
                [
                    0.19264160096645355,
                    -0.07211174815893173,
                    -0.9786159992218018,
                    0.2576911449432373
                ],
                [
                    0.0,
                    0.0,
                    0.0,
                    1.0
                ]
            ],
            "monst3r_im_id": 23
        },
        {
            "transform_matrix": [
                [
                    0.9796251654624939,
                    0.033817581832408905,
                    0.19796688854694366,
                    0.07846466451883316
                ],
                [
                    0.01802745833992958,
                    -0.9965488910675049,
                    0.0810273066163063,
                    -0.015042407438158989
                ],
                [
                    0.20002381503582,
                    -0.07580754905939102,
                    -0.9768540859222412,
                    0.25964128971099854
                ],
                [
                    0.0,
                    0.0,
                    0.0,
                    1.0
                ]
            ],
            "monst3r_im_id": 24
        },
        {
            "transform_matrix": [
                [
                    0.9779810309410095,
                    0.035970646888017654,
                    0.20557057857513428,
                    0.08149493485689163
                ],
                [
                    0.01867815852165222,
                    -0.9961674213409424,
                    0.08544950187206268,
                    -0.015747321769595146
                ],
                [
                    0.20785638689994812,
                    -0.07972830533981323,
                    -0.9749046564102173,
                    0.2615657150745392
                ],
                [
                    0.0,
                    0.0,
                    0.0,
                    1.0
                ]
            ],
            "monst3r_im_id": 25
        },
        {
            "transform_matrix": [
                [
                    0.9765768051147461,
                    0.03755985572934151,
                    0.21186551451683044,
                    0.08431576937437057
                ],
                [
                    0.018942516297101974,
                    -0.9958310127258301,
                    0.08922852575778961,
                    -0.016483303159475327
                ],
                [
                    0.2143336534500122,
                    -0.08312524855136871,
                    -0.9732170104980469,
                    0.26340821385383606
                ],
                [
                    0.0,
                    0.0,
                    0.0,
                    1.0
                ]
            ],
            "monst3r_im_id": 26
        },
        {
            "transform_matrix": [
                [
                    0.9753575921058655,
                    0.038893867284059525,
                    0.2171747386455536,
                    0.08693412691354752
                ],
                [
                    0.01909506879746914,
                    -0.995526909828186,
                    0.09253086894750595,
                    -0.01724047027528286
                ],
                [
                    0.2198021411895752,
                    -0.08610371500253677,
                    -0.9717373847961426,
                    0.2651606798171997
                ],
                [
                    0.0,
                    0.0,
                    0.0,
                    1.0
                ]
            ],
            "monst3r_im_id": 27
        },
        {
            "transform_matrix": [
                [
                    0.9742963910102844,
                    0.040155667811632156,
                    0.2216619849205017,
                    0.08934010565280914
                ],
                [
                    0.019300930202007294,
                    -0.9952462911605835,
                    0.0954604372382164,
                    -0.018013490363955498
                ],
                [
                    0.2244414985179901,
                    -0.08872847259044647,
                    -0.9704399108886719,
                    0.26681146025657654
                ],
                [
                    0.0,
                    0.0,
                    0.0,
                    1.0
                ]
            ],
            "monst3r_im_id": 28
        },
        {
            "transform_matrix": [
                [
                    0.9732642769813538,
                    0.04156775772571564,
                    0.22589541971683502,
                    0.09146158397197723
                ],
                [
                    0.019573580473661423,
                    -0.9949201345443726,
                    0.09874627739191055,
                    -0.018790602684020996
                ],
                [
                    0.2288525551557541,
                    -0.09168464690446854,
                    -0.9691338539123535,
                    0.2683168947696686
                ],
                [
                    0.0,
                    0.0,
                    0.0,
                    1.0
                ]
            ],
            "monst3r_im_id": 29
        },
        {
            "transform_matrix": [
                [
                    0.9723697304725647,
                    0.043045539408922195,
                    0.22944334149360657,
                    0.09343280643224716
                ],
                [
                    0.01993371918797493,
                    -0.9945731163024902,
                    0.10211232304573059,
                    -0.019560888409614563
                ],
                [
                    0.23259365558624268,
                    -0.09471726417541504,
                    -0.9679508209228516,
                    0.2697586417198181
                ],
                [
                    0.0,
                    0.0,
                    0.0,
                    1.0
                ]
            ],
            "monst3r_im_id": 30
        },
        {
            "transform_matrix": [
                [
                    0.971541166305542,
                    0.044533174484968185,
                    0.23264677822589874,
                    0.0952918753027916
                ],
                [
                    0.020273614674806595,
                    -0.9941972494125366,
                    0.10564558953046799,
                    -0.02032422088086605
                ],
                [
                    0.23600150644779205,
                    -0.09792245179414749,
                    -0.9668064117431641,
                    0.2711709439754486
                ],
                [
                    0.0,
                    0.0,
                    0.0,
                    1.0
                ]
            ],
            "monst3r_im_id": 31
        },
        {
            "transform_matrix": [
                [
                    0.9707152247428894,
                    0.04598252475261688,
                    0.23579126596450806,
                    0.0970659926533699
                ],
                [
                    0.02049303613603115,
                    -0.9937828779220581,
                    0.10943466424942017,
                    -0.021080050617456436
                ],
                [
                    0.2393573522567749,
                    -0.10139782726764679,
                    -0.9656225442886353,
                    0.2725827693939209
                ],
                [
                    0.0,
                    0.0,
                    0.0,
                    1.0
                ]
            ],
            "monst3r_im_id": 32
        },
        {
            "transform_matrix": [
                [
                    0.9699670076370239,
                    0.047555383294820786,
                    0.23854246735572815,
                    0.09878367930650711
                ],
                [
                    0.020799966529011726,
                    -0.99332594871521,
                    0.1134502962231636,
                    -0.02183605171740055
                ],
                [
                    0.24234560132026672,
                    -0.10508137196302414,
                    -0.9644825458526611,
                    0.2740786373615265
                ],
                [
                    0.0,
                    0.0,
                    0.0,
                    1.0
                ]
            ],
            "monst3r_im_id": 33
        },
        {
            "transform_matrix": [
                [
                    0.9691982865333557,
                    0.049295324832201004,
                    0.24129779636859894,
                    0.1004846841096878
                ],
                [
                    0.02117084339261055,
                    -0.992812991142273,
                    0.11778926849365234,
                    -0.022597279399633408
                ],
                [
                    0.245370015501976,
                    -0.10905268788337708,
                    -0.9632762670516968,
                    0.27566391229629517
                ],
                [
                    0.0,
                    0.0,
                    0.0,
                    1.0
                ]
            ],
            "monst3r_im_id": 34
        },
        {
            "transform_matrix": [
                [
                    0.9684205651283264,
                    0.05113638564944267,
                    0.24402177333831787,
                    0.10216796398162842
                ],
                [
                    0.021578628569841385,
                    -0.9922589063644409,
                    0.12229787558317184,
                    -0.0233603622764349
                ],
                [
                    0.24838662147521973,
                    -0.11317012459039688,
                    -0.9620274305343628,
                    0.27734190225601196
                ],
                [
                    0.0,
                    0.0,
                    0.0,
                    1.0
                ]
            ],
            "monst3r_im_id": 35
        },
        {
            "transform_matrix": [
                [
                    0.9676517844200134,
                    0.0529944971203804,
                    0.24666087329387665,
                    0.10383015125989914
                ],
                [
                    0.021993404254317284,
                    -0.9916868209838867,
                    0.12678131461143494,
                    -0.02412082627415657
                ],
                [
                    0.25132906436920166,
                    -0.11725524812936783,
                    -0.9607729911804199,
                    0.27912434935569763
                ],
                [
                    0.0,
                    0.0,
                    0.0,
                    1.0
                ]
            ],
            "monst3r_im_id": 36
        },
        {
            "transform_matrix": [
                [
                    0.9669081568717957,
                    0.054697901010513306,
                    0.24919220805168152,
                    0.10544104129076004
                ],
                [
                    0.022143347188830376,
                    -0.9910532236099243,
                    0.13161708414554596,
                    -0.02485453337430954
                ],
                [
                    0.25416192412376404,
                    -0.12174368649721146,
                    -0.9594686031341553,
                    0.28100961446762085
                ],
                [
                    0.0,
                    0.0,
                    0.0,
                    1.0
                ]
            ],
            "monst3r_im_id": 37
        },
        {
            "transform_matrix": [
                [
                    0.9662671089172363,
                    0.05620237812399864,
                    0.2513347268104553,
                    0.1070067435503006
                ],
                [
                    0.022213229909539223,
                    -0.9904487133026123,
                    0.13608013093471527,
                    -0.025560151785612106
                ],
                [
                    0.25658220052719116,
                    -0.1259068101644516,
                    -0.9582865238189697,
                    0.2829297184944153
                ],
                [
                    0.0,
                    0.0,
                    0.0,
                    1.0
                ]
            ],
            "monst3r_im_id": 38
        },
        {
            "transform_matrix": [
                [
                    0.9656854271888733,
                    0.057588428258895874,
                    0.25324925780296326,
                    0.10852624475955963
                ],
                [
                    0.022223610430955887,
                    -0.989852786064148,
                    0.14034810662269592,
                    -0.026236575096845627
                ],
                [
                    0.2587619125843048,
                    -0.12990400195121765,
                    -0.9571661949157715,
                    0.2848697602748871
                ],
                [
                    0.0,
                    0.0,
                    0.0,
                    1.0
                ]
            ],
            "monst3r_im_id": 39
        },
        {
            "transform_matrix": [
                [
                    0.9650710225105286,
                    0.05901167541742325,
                    0.25525587797164917,
                    0.10999217629432678
                ],
                [
                    0.022179340943694115,
                    -0.9892071485519409,
                    0.14483559131622314,
                    -0.026878906413912773
                ],
                [
                    0.261047899723053,
                    -0.13411521911621094,
                    -0.9559639692306519,
                    0.28681108355522156
                ],
                [
                    0.0,
                    0.0,
                    0.0,
                    1.0
                ]
            ],
            "monst3r_im_id": 40
        },
        {
            "transform_matrix": [
                [
                    0.9645357728004456,
                    0.06032540649175644,
                    0.25696611404418945,
                    0.11140172183513641
                ],
                [
                    0.02208741195499897,
                    -0.9885649681091309,
                    0.14916940033435822,
                    -0.027486655861139297
                ],
                [
                    0.2630264163017273,
                    -0.13820351660251617,
                    -0.954838752746582,
                    0.28872525691986084
                ],
                [
                    0.0,
                    0.0,
                    0.0,
                    1.0
                ]
            ],
            "monst3r_im_id": 41
        },
        {
            "transform_matrix": [
                [
                    0.9640089273452759,
                    0.061740465462207794,
                    0.2586018741130829,
                    0.11277149617671967
                ],
                [
                    0.02194886840879917,
                    -0.9878239631652832,
                    0.1540197879076004,
                    -0.028071563690900803
                ],
                [
                    0.26496240496635437,
                    -0.142800435423851,
                    -0.953626275062561,
                    0.2906058430671692
                ],
                [
                    0.0,
                    0.0,
                    0.0,
                    1.0
                ]
            ],
            "monst3r_im_id": 42
        },
        {
            "transform_matrix": [
                [
                    0.9634997844696045,
                    0.06312772631645203,
                    0.26015955209732056,
                    0.11409933865070343
                ],
                [
                    0.02170320227742195,
                    -0.9870201349258423,
                    0.1591227650642395,
                    -0.028634773567318916
                ],
                [
                    0.2668278217315674,
                    -0.14766845107078552,
                    -0.9523638486862183,
                    0.29244449734687805
                ],
                [
                    0.0,
                    0.0,
                    0.0,
                    1.0
                ]
            ],
            "monst3r_im_id": 43
        },
        {
            "transform_matrix": [
                [
                    0.9630633592605591,
                    0.06403443962335587,
                    0.2615503966808319,
                    0.11536935716867447
                ],
                [
                    0.021174857392907143,
                    -0.9863150119781494,
                    0.16350728273391724,
                    -0.02917337417602539
                ],
                [
                    0.2684411108493805,
                    -0.1519295871257782,
                    -0.9512397050857544,
                    0.29421573877334595
                ],
                [
                    0.0,
                    0.0,
                    0.0,
                    1.0
                ]
            ],
            "monst3r_im_id": 44
        },
        {
            "transform_matrix": [
                [
                    0.9626636505126953,
                    0.06491215527057648,
                    0.2628023326396942,
                    0.11657065153121948
                ],
                [
                    0.020559700205922127,
                    -0.9855523109436035,
                    0.1681196540594101,
                    -0.029696471989154816
                ],
                [
                    0.26991841197013855,
                    -0.15643955767154694,
                    -0.9500899314880371,
                    0.2958945333957672
                ],
                [
                    0.0,
                    0.0,
                    0.0,
                    1.0
                ]
            ],
            "monst3r_im_id": 45
        },
        {
            "transform_matrix": [
                [
                    0.9623078107833862,
                    0.06577488780021667,
                    0.26388874650001526,
                    0.11771953850984573
                ],
                [
                    0.019979482516646385,
                    -0.9847886562347412,
                    0.17260289192199707,
                    -0.030216332525014877
                ],
                [
                    0.27122762799263,
                    -0.1608247458934784,
                    -0.9489840269088745,
                    0.29750028252601624
                ],
                [
                    0.0,
                    0.0,
                    0.0,
                    1.0
                ]
            ],
            "monst3r_im_id": 46
        },
        {
            "transform_matrix": [
                [
                    0.9619840383529663,
                    0.06661946326494217,
                    0.2648557424545288,
                    0.11881785839796066
                ],
                [
                    0.019437052309513092,
                    -0.9840337038040161,
                    0.1769176721572876,
                    -0.03073815628886223
                ],
                [
                    0.27241313457489014,
                    -0.16504395008087158,
                    -0.9479196071624756,
                    0.2990350127220154
                ],
                [
                    0.0,
                    0.0,
                    0.0,
                    1.0
                ]
            ],
            "monst3r_im_id": 47
        },
        {
            "transform_matrix": [
                [
                    0.9616332650184631,
                    0.06742431223392487,
                    0.26592370867729187,
                    0.11985819041728973
                ],
                [
                    0.01883086934685707,
                    -0.983264684677124,
                    0.18120817840099335,
                    -0.031273528933525085
                ],
                [
